var colors = {
    colorData: [
    /*      ORDER OF COLORS:  0 = null,*/
    color(0,0,0),// 1 = black
    color(14, 30, 201),// 2 = darkBlue 
    color(60, 173, 214),// 3 = babyBlue 
    color(229, 232, 35),// 4 = gold 
    color(31, 219, 219),// 5 = cyan 
    color(255, 255, 255),// 6 = white 
    color(240, 158, 158),// 7 = pinkish 
    color(196, 242, 235),// 8 = eyeBlue 
    color(247, 222, 175),// 9 = lightPeach 
    color(237, 199, 133),// 10 = darkPeach 
    color(21, 148, 127),// 11 = darkCyan 
    color(255, 0, 0),// 12 = red 
    color(155, 240, 113),// 13 = lighterGreen 
    color(20, 201, 56),// 14 = lightGreen 
    color(86, 36, 224),// 15 = midnightPurple 
    color(113, 62, 207),// 16 = lightPurple 
    color(163, 163, 163),// 17 = grey 
    color(195, 104, 237),// 18 = brightPurple 
    color(173, 17, 17),// 19 = darkRed 
    color(255, 255, 0),// 20 = yellow 
    color(242, 158, 63),// 21 = orange 
    color(224, 143, 56),// 22 = darkOrange 
    color(43, 39, 43)// 23 = almostBlack
    ] 
};
var sprites = [
    ///* MAIN CHARACTER ANIMATIONS *///
{imageData: [
/*MC FRONT - STILL*/
[0,0,0,0,0,0,0,1,1,1,1,1,1,1,1,1,0,0,0,0,0,0,0,0],
[0,0,0,0,0,0,1,1,5,3,5,3,5,5,3,1,1,0,0,0,0,0,0,0],
[0,0,0,0,0,0,1,5,3,5,5,5,3,5,5,3,1,0,0,0,0,0,0,0],
[0,0,0,0,0,0,1,3,5,5,5,1,1,3,5,3,1,0,0,0,0,0,0,0],
[0,0,0,0,0,1,5,5,3,5,9,9,9,5,5,5,1,0,0,0,0,0,0,0],
[0,0,0,0,0,1,5,5,1,5,1,9,1,6,1,5,5,1,0,0,0,0,0,0],
[0,0,0,0,0,0,1,1,9,6,1,9,1,6,9,1,1,0,0,0,0,0,0,0],
[0,0,0,0,0,0,0,1,9,9,9,9,9,9,9,1,0,0,0,0,0,0,0,0],
[0,0,0,0,0,0,0,1,9,9,9,9,9,9,9,1,0,0,0,0,0,0,0,0],
[0,0,0,0,0,0,0,1,9,7,7,7,7,7,9,1,0,0,0,0,0,0,0,0],
[0,0,0,0,0,0,0,0,1,9,9,9,9,9,1,0,0,0,0,0,0,0,0,0],
[0,0,0,0,0,0,0,0,1,1,1,1,1,1,1,0,0,0,0,0,0,0,0,0],
[0,0,0,0,0,0,1,1,2,2,2,4,2,2,2,1,1,0,0,0,0,0,0,0],
[0,0,0,0,0,0,1,2,2,2,2,4,2,2,2,2,1,0,0,0,0,0,0,0],
[0,0,0,0,0,0,1,2,1,2,4,2,4,2,1,2,1,0,0,0,0,0,0,0],
[0,0,0,0,0,1,1,2,1,2,4,2,4,2,1,2,1,1,0,0,0,0,0,0],
[0,0,0,0,0,1,2,2,1,2,4,2,4,2,1,2,2,1,0,0,0,0,0,0],
[0,0,0,0,0,1,9,9,1,2,4,2,4,2,1,9,9,1,0,0,0,0,0,0],
[0,0,0,0,0,1,9,9,1,2,2,2,2,2,1,9,9,1,0,0,0,0,0,0],
[0,0,0,0,0,0,1,1,1,1,1,1,1,1,1,1,1,0,0,0,0,0,0,0],
[0,0,0,0,0,0,0,0,1,1,1,1,1,1,1,0,0,0,0,0,0,0,0,0],
[0,0,0,0,0,0,0,0,0,1,1,0,1,1,0,0,0,0,0,0,0,0,0,0],
[0,0,0,0,0,0,0,0,0,1,1,0,1,1,0,0,0,0,0,0,0,0,0,0],
[0,0,0,0,0,0,0,0,1,1,1,0,1,1,1,0,0,0,0,0,0,0,0,0],
], 
},{imageData: [
/*MC FRONT - WALK FRAME 1*/
[0,0,0,0,0,0,0,1,1,1,1,1,1,1,1,1,0,0,0,0,0,0,0,0],
[0,0,0,0,0,0,1,1,5,3,5,3,5,5,3,1,1,0,0,0,0,0,0,0],
[0,0,0,0,0,0,1,5,3,5,5,5,3,5,5,3,1,0,0,0,0,0,0,0],
[0,0,0,0,0,0,1,3,5,5,5,1,1,3,5,3,1,0,0,0,0,0,0,0],
[0,0,0,0,0,1,5,5,3,5,9,9,9,5,5,5,1,0,0,0,0,0,0,0],
[0,0,0,0,0,1,5,5,1,5,1,9,1,6,1,5,5,1,0,0,0,0,0,0],
[0,0,0,0,0,0,1,1,9,6,1,9,1,6,9,1,1,0,0,0,0,0,0,0],
[0,0,0,0,0,0,0,1,9,9,9,9,9,9,9,1,0,0,0,0,0,0,0,0],
[0,0,0,0,0,0,0,1,9,9,9,9,9,9,9,1,0,0,0,0,0,0,0,0],
[0,0,0,0,0,0,0,1,9,7,7,7,7,7,9,1,0,0,0,0,0,0,0,0],
[0,0,0,0,0,0,0,0,1,9,9,9,9,9,1,0,0,0,0,0,0,0,0,0],
[0,0,0,0,0,0,0,0,1,1,1,1,1,1,1,0,0,0,0,0,0,0,0,0],
[0,0,0,0,0,0,1,1,2,2,2,4,2,2,2,1,1,0,0,0,0,0,0,0],
[0,0,0,0,0,0,1,2,2,2,2,4,2,2,2,2,1,0,0,0,0,0,0,0],
[0,0,0,0,0,0,1,2,1,2,4,2,4,2,1,2,1,0,0,0,0,0,0,0],
[0,0,0,0,0,0,1,2,1,2,4,2,4,2,1,2,1,0,0,0,0,0,0,0],
[0,0,0,0,0,0,1,2,1,2,4,2,4,2,1,2,1,0,0,0,0,0,0,0],
[0,0,0,0,0,0,1,9,9,2,4,2,4,2,1,9,1,0,0,0,0,0,0,0],
[0,0,0,0,0,0,1,9,9,2,2,2,2,2,1,9,1,0,0,0,0,0,0,0],
[0,0,0,0,0,0,0,1,1,1,1,1,1,1,1,1,1,0,0,0,0,0,0,0],
[0,0,0,0,0,0,0,0,1,1,1,1,1,1,1,0,0,0,0,0,0,0,0,0],
[0,0,0,0,0,0,0,0,0,1,1,0,1,1,0,0,0,0,0,0,0,0,0,0],
[0,0,0,0,0,0,0,0,1,1,1,0,1,1,0,0,0,0,0,0,0,0,0,0],
[0,0,0,0,0,0,0,0,0,0,0,0,1,1,1,0,0,0,0,0,0,0,0,0],
], 
},{imageData: [
/*MC FRONT - WALK FRAME 2*/
[0,0,0,0,0,0,0,1,1,1,1,1,1,1,1,1,0,0,0,0,0,0,0,0],
[0,0,0,0,0,0,1,1,5,3,5,3,5,5,3,1,1,0,0,0,0,0,0,0],
[0,0,0,0,0,0,1,5,3,5,5,5,3,5,5,3,1,0,0,0,0,0,0,0],
[0,0,0,0,0,0,1,3,5,5,5,1,1,3,5,3,1,0,0,0,0,0,0,0],
[0,0,0,0,0,1,5,5,3,5,9,9,9,5,5,5,1,0,0,0,0,0,0,0],
[0,0,0,0,0,1,5,5,1,5,1,9,1,6,1,5,5,1,0,0,0,0,0,0],
[0,0,0,0,0,0,1,1,9,6,1,9,1,6,9,1,1,0,0,0,0,0,0,0],
[0,0,0,0,0,0,0,1,9,9,9,9,9,9,9,1,0,0,0,0,0,0,0,0],
[0,0,0,0,0,0,0,1,9,9,9,9,9,9,9,1,0,0,0,0,0,0,0,0],
[0,0,0,0,0,0,0,1,9,7,7,7,7,7,9,1,0,0,0,0,0,0,0,0],
[0,0,0,0,0,0,0,0,1,9,9,9,9,9,1,0,0,0,0,0,0,0,0,0],
[0,0,0,0,0,0,0,0,1,1,1,1,1,1,1,0,0,0,0,0,0,0,0,0],
[0,0,0,0,0,0,1,1,2,2,2,4,2,2,2,1,1,0,0,0,0,0,0,0],
[0,0,0,0,0,0,1,2,2,2,2,4,2,2,2,2,1,0,0,0,0,0,0,0],
[0,0,0,0,0,0,1,2,1,2,4,2,4,2,1,2,1,0,0,0,0,0,0,0],
[0,0,0,0,0,0,1,2,1,2,4,2,4,2,1,2,1,0,0,0,0,0,0,0],
[0,0,0,0,0,0,1,2,9,9,4,2,4,2,1,2,1,0,0,0,0,0,0,0],
[0,0,0,0,0,0,1,2,9,9,4,2,4,2,1,9,1,0,0,0,0,0,0,0],
[0,0,0,0,0,0,1,1,2,2,2,2,2,2,1,9,1,0,0,0,0,0,0,0],
[0,0,0,0,0,0,0,1,1,1,1,1,1,1,1,1,1,0,0,0,0,0,0,0],
[0,0,0,0,0,0,0,0,1,1,1,1,1,1,1,0,0,0,0,0,0,0,0,0],
[0,0,0,0,0,0,0,0,0,1,1,0,1,1,0,0,0,0,0,0,0,0,0,0],
[0,0,0,0,0,0,0,0,0,0,0,0,1,1,0,0,0,0,0,0,0,0,0,0],
[0,0,0,0,0,0,0,0,0,0,0,0,1,1,1,0,0,0,0,0,0,0,0,0],
], 
},{imageData: [
/*MC FRONT - WALK FRAME 3*/
[0,0,0,0,0,0,0,1,1,1,1,1,1,1,1,1,0,0,0,0,0,0,0,0],
[0,0,0,0,0,0,1,1,5,3,5,3,5,5,3,1,1,0,0,0,0,0,0,0],
[0,0,0,0,0,0,1,5,3,5,5,5,3,5,5,3,1,0,0,0,0,0,0,0],
[0,0,0,0,0,0,1,3,5,5,5,1,1,3,5,3,1,0,0,0,0,0,0,0],
[0,0,0,0,0,1,5,5,3,5,9,9,9,5,5,5,1,0,0,0,0,0,0,0],
[0,0,0,0,0,1,5,5,1,5,1,9,1,6,1,5,5,1,0,0,0,0,0,0],
[0,0,0,0,0,0,1,1,9,6,1,9,1,6,9,1,1,0,0,0,0,0,0,0],
[0,0,0,0,0,0,0,1,9,9,9,9,9,9,9,1,0,0,0,0,0,0,0,0],
[0,0,0,0,0,0,0,1,9,9,9,9,9,9,9,1,0,0,0,0,0,0,0,0],
[0,0,0,0,0,0,0,1,9,7,7,7,7,7,9,1,0,0,0,0,0,0,0,0],
[0,0,0,0,0,0,0,0,1,9,9,9,9,9,1,0,0,0,0,0,0,0,0,0],
[0,0,0,0,0,0,0,0,1,1,1,1,1,1,1,0,0,0,0,0,0,0,0,0],
[0,0,0,0,0,0,1,1,2,2,2,4,2,2,2,1,1,0,0,0,0,0,0,0],
[0,0,0,0,0,0,1,2,2,2,2,4,2,2,2,2,1,0,0,0,0,0,0,0],
[0,0,0,0,0,0,1,2,1,2,4,2,4,2,1,2,1,0,0,0,0,0,0,0],
[0,0,0,0,0,0,1,2,1,2,4,2,4,2,1,2,1,0,0,0,0,0,0,0],
[0,0,0,0,0,0,1,2,1,2,4,2,4,2,1,2,1,0,0,0,0,0,0,0],
[0,0,0,0,0,0,1,9,9,2,4,2,4,2,1,9,1,0,0,0,0,0,0,0],
[0,0,0,0,0,0,1,9,9,2,2,2,2,2,1,9,1,0,0,0,0,0,0,0],
[0,0,0,0,0,0,0,1,1,1,1,1,1,1,1,1,1,0,0,0,0,0,0,0],
[0,0,0,0,0,0,0,0,1,1,1,1,1,1,1,0,0,0,0,0,0,0,0,0],
[0,0,0,0,0,0,0,0,0,1,1,0,1,1,0,0,0,0,0,0,0,0,0,0],
[0,0,0,0,0,0,0,0,1,1,1,0,1,1,0,0,0,0,0,0,0,0,0,0],
[0,0,0,0,0,0,0,0,0,0,0,0,1,1,1,0,0,0,0,0,0,0,0,0],
], 
},
{imageData: [
/*MC FRONT - WALK FRAME 4*/
[0,0,0,0,0,0,0,1,1,1,1,1,1,1,1,1,0,0,0,0,0,0,0,0],
[0,0,0,0,0,0,1,1,5,3,5,3,5,5,3,1,1,0,0,0,0,0,0,0],
[0,0,0,0,0,0,1,5,3,5,5,5,3,5,5,3,1,0,0,0,0,0,0,0],
[0,0,0,0,0,0,1,3,5,5,5,1,1,3,5,3,1,0,0,0,0,0,0,0],
[0,0,0,0,0,1,5,5,3,5,9,9,9,5,5,5,1,0,0,0,0,0,0,0],
[0,0,0,0,0,1,5,5,1,5,1,9,1,6,1,5,5,1,0,0,0,0,0,0],
[0,0,0,0,0,0,1,1,9,6,1,9,1,6,9,1,0,0,0,0,0,0,0,0],
[0,0,0,0,0,0,0,1,9,9,9,9,9,9,9,1,0,0,0,0,0,0,0,0],
[0,0,0,0,0,0,0,1,9,9,9,9,9,9,9,1,0,0,0,0,0,0,0,0],
[0,0,0,0,0,0,0,1,9,7,7,7,7,7,9,1,0,0,0,0,0,0,0,0],
[0,0,0,0,0,0,0,0,1,9,9,9,9,9,1,0,0,0,0,0,0,0,0,0],
[0,0,0,0,0,0,0,0,1,1,1,1,1,1,1,0,0,0,0,0,0,0,0,0],
[0,0,0,0,0,0,1,1,2,2,2,4,2,2,2,1,1,0,0,0,0,0,0,0],
[0,0,0,0,0,0,1,2,2,2,2,4,2,2,2,2,1,0,0,0,0,0,0,0],
[0,0,0,0,0,0,1,2,1,2,4,2,4,2,1,2,1,0,0,0,0,0,0,0],
[0,0,0,0,0,0,1,2,1,2,4,2,4,2,1,2,1,1,0,0,0,0,0,0],
[0,0,0,0,0,0,1,2,1,2,4,2,4,2,1,2,2,1,0,0,0,0,0,0],
[0,0,0,0,0,0,1,9,9,2,4,2,4,2,1,9,9,1,0,0,0,0,0,0],
[0,0,0,0,0,0,1,9,9,2,2,2,2,2,1,9,9,1,0,0,0,0,0,0],
[0,0,0,0,0,0,1,1,1,1,1,1,1,1,1,1,1,0,0,0,0,0,0,0],
[0,0,0,0,0,0,0,0,1,1,1,1,1,1,1,0,0,0,0,0,0,0,0,0],
[0,0,0,0,0,0,0,0,0,1,1,0,1,1,0,0,0,0,0,0,0,0,0,0],
[0,0,0,0,0,0,0,0,1,1,1,0,1,1,0,0,0,0,0,0,0,0,0,0],
[0,0,0,0,0,0,0,0,0,0,0,0,1,1,1,0,0,0,0,0,0,0,0,0],
], 
},{imageData: [
/*MC FRONT - WALK FRAME 5*/
[0,0,0,0,0,0,0,1,1,1,1,1,1,1,1,1,0,0,0,0,0,0,0,0],
[0,0,0,0,0,0,1,1,5,3,5,3,5,5,3,1,1,0,0,0,0,0,0,0],
[0,0,0,0,0,0,1,5,3,5,5,5,3,5,5,3,1,0,0,0,0,0,0,0],
[0,0,0,0,0,0,1,3,5,5,5,1,1,3,5,3,1,0,0,0,0,0,0,0],
[0,0,0,0,0,1,5,5,3,5,9,9,9,5,5,5,1,0,0,0,0,0,0,0],
[0,0,0,0,0,1,5,5,1,5,1,9,1,6,1,5,5,1,0,0,0,0,0,0],
[0,0,0,0,0,0,1,1,9,6,1,9,1,6,9,1,1,0,0,0,0,0,0,0],
[0,0,0,0,0,0,0,1,9,9,9,9,9,9,9,1,0,0,0,0,0,0,0,0],
[0,0,0,0,0,0,0,1,9,9,9,9,9,9,9,1,0,0,0,0,0,0,0,0],
[0,0,0,0,0,0,0,1,9,7,7,7,7,7,9,1,0,0,0,0,0,0,0,0],
[0,0,0,0,0,0,0,0,1,9,9,9,9,9,1,0,0,0,0,0,0,0,0,0],
[0,0,0,0,0,0,0,1,1,1,1,1,1,1,1,0,0,0,0,0,0,0,0,0],
[0,0,0,0,0,0,1,1,2,2,2,4,2,2,2,1,1,0,0,0,0,0,0,0],
[0,0,0,0,0,0,1,2,2,2,2,4,2,2,2,2,1,0,0,0,0,0,0,0],
[0,0,0,0,0,0,1,2,1,2,4,2,4,2,1,2,1,0,0,0,0,0,0,0],
[0,0,0,0,0,1,1,2,1,2,4,2,4,2,1,2,1,1,0,0,0,0,0,0],
[0,0,0,0,0,1,2,2,1,2,4,2,4,2,1,2,2,1,0,0,0,0,0,0],
[0,0,0,0,0,1,9,9,1,2,4,2,4,2,1,9,9,1,0,0,0,0,0,0],
[0,0,0,0,0,1,9,9,1,2,2,2,2,2,1,9,9,1,0,0,0,0,0,0],
[0,0,0,0,0,0,1,1,1,1,1,1,1,1,1,1,1,0,0,0,0,0,0,0],
[0,0,0,0,0,0,0,0,1,1,1,1,1,1,1,0,0,0,0,0,0,0,0,0],
[0,0,0,0,0,0,0,0,0,1,1,0,1,1,0,0,0,0,0,0,0,0,0,0],
[0,0,0,0,0,0,0,0,1,1,1,0,1,1,0,0,0,0,0,0,0,0,0,0],
[0,0,0,0,0,0,0,0,0,0,0,0,1,1,1,0,0,0,0,0,0,0,0,0],
], 
}, {imageData: [
/*MC FRONT - ATTACK FRAME 1*/
[0,0,0,0,0,0,0,1,1,1,1,1,1,1,1,1,0,0,0,0,0,0,0,0],
[0,0,0,0,0,0,1,1,5,3,5,3,5,5,3,1,1,0,0,0,0,0,0,0],
[0,0,0,0,0,0,1,5,3,5,5,5,3,5,5,3,1,0,0,0,0,0,0,0],
[0,0,0,0,0,0,1,3,5,5,5,1,1,3,5,3,1,0,0,0,0,0,0,0],
[0,0,0,0,0,1,5,5,3,5,9,9,9,5,5,5,1,0,0,0,0,0,0,0],
[0,0,0,0,0,1,5,5,1,5,1,9,1,6,1,5,5,1,0,0,0,0,0,0],
[0,0,0,0,0,0,1,1,9,6,1,9,1,6,9,1,1,0,0,0,0,0,0,0],
[0,0,0,0,0,0,0,1,9,9,9,9,9,9,9,1,0,0,0,0,0,0,0,0],
[0,0,0,0,0,0,0,1,9,9,9,9,9,9,9,1,0,0,0,0,0,0,0,0],
[0,0,0,0,0,0,0,1,9,7,7,7,7,7,9,1,0,0,0,0,0,0,0,0],
[0,0,0,0,0,0,0,0,1,9,9,9,9,9,1,0,0,0,0,0,0,0,0,0],
[0,0,0,0,0,0,0,0,1,1,1,1,1,1,1,0,0,0,0,0,0,0,0,0],
[0,0,0,0,0,0,1,1,2,2,2,4,2,2,2,1,1,0,0,0,0,0,0,0],
[0,0,0,0,0,0,1,2,2,2,2,4,2,2,2,2,1,0,0,0,0,0,0,0],
[0,0,0,0,0,0,1,2,1,2,4,2,4,2,2,2,1,0,0,0,0,0,0,0],
[0,0,0,0,0,1,1,2,1,2,4,2,4,2,1,2,1,1,0,0,0,0,0,0],
[0,0,0,0,0,1,2,2,1,2,4,2,4,2,1,2,9,9,1,0,0,0,0,0],
[0,0,0,0,0,1,9,9,1,2,4,2,4,2,1,2,9,9,1,0,0,0,0,0],
[0,0,0,0,0,1,9,9,1,2,2,2,2,2,1,1,1,1,0,0,0,0,0,0],
[0,0,0,0,0,0,1,1,1,1,1,1,1,1,1,0,0,0,0,0,0,0,0,0],
[0,0,0,0,0,0,0,0,1,1,1,1,1,1,1,0,0,0,0,0,0,0,0,0],
[0,0,0,0,0,0,0,0,0,1,1,0,1,1,0,0,0,0,0,0,0,0,0,0],
[0,0,0,0,0,0,0,0,0,1,1,0,1,1,0,0,0,0,0,0,0,0,0,0],
[0,0,0,0,0,0,0,0,1,1,1,0,1,1,1,0,0,0,0,0,0,0,0,0],
], 
},{imageData: [
/*MC FRONT - ATTACK FRAME 2*/
[0,0,0,0,0,0,0,1,1,1,1,1,1,1,1,1,0,0,0,0,0,0,0,0],
[0,0,0,0,0,0,1,1,5,3,5,3,5,5,3,1,1,0,0,0,0,0,0,0],
[0,0,0,0,0,0,1,5,3,5,5,5,3,5,5,3,1,0,0,0,0,0,0,0],
[0,0,0,0,0,0,1,3,5,5,5,1,1,3,5,3,1,0,0,0,0,0,0,0],
[0,0,0,0,0,1,5,5,3,5,9,9,9,5,5,5,1,0,0,0,0,0,0,0],
[0,0,0,0,0,1,5,5,1,5,1,9,1,6,1,5,5,1,0,0,0,0,0,0],
[0,0,0,0,0,0,1,1,9,6,1,9,1,6,9,1,1,0,0,0,0,0,0,0],
[0,0,0,0,0,0,0,1,9,9,9,9,9,9,9,1,0,0,0,0,0,0,0,0],
[0,0,0,0,0,0,0,1,9,9,9,9,9,9,9,1,0,0,0,0,0,0,0,0],
[0,0,0,0,0,0,0,1,9,7,7,7,7,7,9,1,0,0,0,0,0,0,0,0],
[0,0,0,0,0,0,0,0,1,9,9,9,9,9,1,0,0,0,0,0,0,0,0,0],
[0,0,0,0,0,0,0,0,1,1,1,1,1,1,1,0,0,0,0,0,0,0,0,0],
[0,0,0,0,0,0,1,1,2,2,2,4,2,2,2,1,1,0,0,0,0,0,0,0],
[0,0,0,0,0,0,1,2,2,2,2,4,2,2,2,2,1,0,0,0,0,0,0,0],
[0,0,0,0,0,0,1,2,1,2,4,2,4,2,2,2,1,1,1,0,0,0,0,0],
[0,0,0,0,0,1,1,2,1,2,4,2,4,2,1,2,2,9,9,1,0,0,0,0],
[0,0,0,0,0,1,2,2,1,2,4,2,4,2,1,2,2,9,9,1,0,0,0,0],
[0,0,0,0,0,1,9,9,1,2,4,2,4,2,1,1,1,1,1,0,0,0,0,0],
[0,0,0,0,0,1,9,9,1,2,2,2,2,2,1,0,0,0,0,0,0,0,0,0],
[0,0,0,0,0,0,1,1,1,1,1,1,1,1,1,0,0,0,0,0,0,0,0,0],
[0,0,0,0,0,0,0,0,1,1,1,1,1,1,1,0,0,0,0,0,0,0,0,0],
[0,0,0,0,0,0,0,0,0,1,1,0,1,1,0,0,0,0,0,0,0,0,0,0],
[0,0,0,0,0,0,0,0,0,1,1,0,1,1,0,0,0,0,0,0,0,0,0,0],
[0,0,0,0,0,0,0,0,1,1,1,0,1,1,1,0,0,0,0,0,0,0,0,0],
], 
},{imageData: [
/*MC FRONT - ATTACK FRAME 3*/
[0,0,0,0,0,0,0,1,1,1,1,1,1,1,1,1,0,0,0,0,0,0,0,0],
[0,0,0,0,0,0,1,1,5,3,5,3,5,5,3,1,1,0,0,0,0,0,0,0],
[0,0,0,0,0,0,1,5,3,5,5,5,3,5,5,3,1,0,0,0,0,0,0,0],
[0,0,0,0,0,0,1,3,5,5,5,1,1,3,5,3,1,0,0,0,0,0,0,0],
[0,0,0,0,0,1,5,5,3,5,9,9,9,5,5,5,1,0,0,0,0,0,0,0],
[0,0,0,0,0,1,5,5,1,5,1,9,1,6,1,5,5,1,0,0,0,0,0,0],
[0,0,0,0,0,0,1,1,9,6,1,9,1,6,9,1,1,0,0,0,0,0,0,0],
[0,0,0,0,0,0,0,1,9,9,9,9,9,9,9,1,0,0,0,0,0,0,0,0],
[0,0,0,0,0,0,0,1,9,9,9,9,9,9,9,1,0,0,0,0,0,0,0,0],
[0,0,0,0,0,0,0,1,9,7,7,7,7,7,9,1,0,0,0,0,0,0,0,0],
[0,0,0,0,0,0,0,0,1,9,9,9,9,9,1,0,0,0,0,0,0,0,0,0],
[0,0,0,0,0,0,0,0,1,1,1,1,1,1,1,0,0,0,0,0,0,0,0,0],
[0,0,0,0,0,0,1,1,2,2,2,4,2,2,2,1,1,0,0,0,0,0,0,0],
[0,0,0,0,0,0,1,2,2,2,2,4,2,2,2,2,1,0,1,1,0,0,0,0],
[0,0,0,0,0,0,1,2,1,2,4,2,4,2,2,2,1,1,9,9,1,0,0,0],
[0,0,0,0,0,1,1,2,1,2,4,2,4,2,1,2,2,2,9,9,1,0,0,0],
[0,0,0,0,0,1,2,2,1,2,4,2,4,2,1,1,1,1,1,1,0,0,0,0],
[0,0,0,0,0,1,9,9,1,2,4,2,4,2,1,0,0,0,0,0,0,0,0,0],
[0,0,0,0,0,1,9,9,1,2,2,2,2,2,1,0,0,0,0,0,0,0,0,0],
[0,0,0,0,0,0,1,1,1,1,1,1,1,1,1,0,0,0,0,0,0,0,0,0],
[0,0,0,0,0,0,0,0,1,1,1,1,1,1,1,0,0,0,0,0,0,0,0,0],
[0,0,0,0,0,0,0,0,0,1,1,0,1,1,0,0,0,0,0,0,0,0,0,0],
[0,0,0,0,0,0,0,0,0,1,1,0,1,1,0,0,0,0,0,0,0,0,0,0],
[0,0,0,0,0,0,0,0,1,1,1,0,1,1,1,0,0,0,0,0,0,0,0,0],
], 
},{imageData: [
/*MC FRONT - ATTACK FRAME 4*/
[0,0,0,0,0,0,0,1,1,1,1,1,1,1,1,1,0,0,0,0,0,0,0,0],
[0,0,0,0,0,0,1,1,5,3,5,3,5,5,3,1,1,0,0,0,0,0,0,0],
[0,0,0,0,0,0,1,5,3,5,5,5,3,5,5,3,1,0,0,0,0,0,0,0],
[0,0,0,0,0,0,1,3,5,5,5,1,1,3,5,3,1,0,0,0,0,0,0,0],
[0,0,0,0,0,1,5,5,3,5,9,9,9,5,5,5,1,0,0,0,0,0,0,0],
[0,0,0,0,0,1,5,5,1,5,1,9,1,6,1,5,5,1,0,0,0,0,0,0],
[0,0,0,0,0,0,1,1,9,6,1,9,1,6,9,1,1,0,0,0,0,0,0,0],
[0,0,0,0,0,0,0,1,9,9,9,9,9,9,9,1,0,0,0,0,0,0,0,0],
[0,0,0,0,0,0,0,1,9,9,9,9,9,9,9,1,0,0,0,0,0,0,0,0],
[0,0,0,0,0,0,0,1,9,7,7,7,7,7,9,1,0,0,0,0,0,0,0,0],
[0,0,0,0,0,0,0,0,1,9,9,9,9,9,1,0,0,0,0,0,0,0,0,0],
[0,0,0,0,0,0,0,0,1,1,1,1,1,1,1,0,0,0,0,0,0,0,0,0],
[0,0,0,0,0,0,1,1,2,2,2,4,2,2,2,1,1,0,0,0,0,0,0,0],
[0,0,0,0,0,0,1,2,2,2,2,4,2,2,2,2,1,0,0,0,0,0,0,0],
[0,0,0,0,0,0,1,2,1,2,4,2,4,2,2,2,1,0,0,0,0,0,0,0],
[0,0,0,0,0,1,1,2,1,2,4,2,4,2,1,2,2,1,0,0,0,0,0,0],
[0,0,0,0,0,1,2,2,1,2,4,2,4,2,1,2,9,9,1,0,0,0,0,0],
[0,0,0,0,0,1,9,9,1,2,4,2,4,2,1,1,9,9,1,0,0,0,0,0],
[0,0,0,0,0,1,9,9,1,2,2,2,2,2,1,0,1,1,0,0,0,0,0,0],
[0,0,0,0,0,0,1,1,1,1,1,1,1,1,1,0,0,0,0,0,0,0,0,0],
[0,0,0,0,0,0,0,0,1,1,1,1,1,1,1,0,0,0,0,0,0,0,0,0],
[0,0,0,0,0,0,0,0,0,1,1,0,1,1,0,0,0,0,0,0,0,0,0,0],
[0,0,0,0,0,0,0,0,0,1,1,0,1,1,0,0,0,0,0,0,0,0,0,0],
[0,0,0,0,0,0,0,0,1,1,1,0,1,1,1,0,0,0,0,0,0,0,0,0],
], 
},{imageData: [
/*MC FRONT - ATTACK FRAME 5*/
[0,0,0,0,0,0,0,1,1,1,1,1,1,1,1,1,0,0,0,0,0,0,0,0],
[0,0,0,0,0,0,1,1,5,3,5,3,5,5,3,1,1,0,0,0,0,0,0,0],
[0,0,0,0,0,0,1,5,3,5,5,5,3,5,5,3,1,0,0,0,0,0,0,0],
[0,0,0,0,0,0,1,3,5,5,5,1,1,3,5,3,1,0,0,0,0,0,0,0],
[0,0,0,0,0,1,5,5,3,5,9,9,9,5,5,5,1,0,0,0,0,0,0,0],
[0,0,0,0,0,1,5,5,1,5,1,9,1,6,1,5,5,1,0,0,0,0,0,0],
[0,0,0,0,0,0,1,1,9,6,1,9,1,6,9,1,1,0,0,0,0,0,0,0],
[0,0,0,0,0,0,0,1,9,9,9,9,9,9,9,1,0,0,0,0,0,0,0,0],
[0,0,0,0,0,0,0,1,9,9,9,9,9,9,9,1,0,0,0,0,0,0,0,0],
[0,0,0,0,0,0,0,1,9,7,7,7,7,7,9,1,0,0,0,0,0,0,0,0],
[0,0,0,0,0,0,0,0,1,9,9,9,9,9,1,0,0,0,0,0,0,0,0,0],
[0,0,0,0,0,0,0,0,1,1,1,1,1,1,1,0,0,0,0,0,0,0,0,0],
[0,0,0,0,0,0,1,1,2,2,2,4,2,2,2,1,1,0,0,0,0,0,0,0],
[0,0,0,0,0,0,1,2,2,2,2,4,2,2,2,2,1,0,0,0,0,0,0,0],
[0,0,0,0,0,0,1,2,1,2,4,2,4,2,2,2,1,0,0,0,0,0,0,0],
[0,0,0,0,0,1,1,2,1,2,4,2,4,2,1,2,1,0,0,0,0,0,0,0],
[0,0,0,0,0,1,2,2,1,2,4,2,4,2,1,2,2,1,0,0,0,0,0,0],
[0,0,0,0,0,1,9,9,1,2,4,2,4,1,2,2,2,1,0,0,0,0,0,0],
[0,0,0,0,0,1,9,9,1,2,2,2,2,2,9,9,1,0,0,0,0,0,0,0],
[0,0,0,0,0,0,1,1,1,1,1,1,1,1,9,9,1,0,0,0,0,0,0,0],
[0,0,0,0,0,0,0,0,1,1,1,1,1,1,1,1,0,0,0,0,0,0,0,0],
[0,0,0,0,0,0,0,0,0,1,1,0,1,1,0,0,0,0,0,0,0,0,0,0],
[0,0,0,0,0,0,0,0,0,1,1,0,1,1,0,0,0,0,0,0,0,0,0,0],
[0,0,0,0,0,0,0,0,1,1,1,0,1,1,1,0,0,0,0,0,0,0,0,0],
], 
},{imageData: [
/*MC LEFT SIDE - STILL*/
[0,0,0,0,0,0,0,0,1,1,1,1,1,1,0,0,0,0,0,0,0,0,0,0],
[0,0,0,0,0,0,0,1,5,5,5,5,5,5,1,0,0,0,0,0,0,0,0,0],
[0,0,0,0,0,1,1,5,5,5,5,5,5,5,1,0,0,0,0,0,0,0,0,0],
[0,0,0,0,0,1,5,5,5,5,5,5,5,5,5,1,0,0,0,0,0,0,0,0],
[0,0,0,0,0,1,5,1,5,5,5,1,5,5,5,5,1,0,0,0,0,0,0,0],
[0,0,0,0,0,0,1,9,1,5,1,1,5,5,5,5,1,0,0,0,0,0,0,0],
[0,0,0,0,0,0,1,9,1,5,1,9,1,1,5,5,1,0,0,0,0,0,0,0],
[0,0,0,0,0,0,1,9,1,1,9,9,1,1,5,5,1,0,0,0,0,0,0,0],
[0,0,0,0,0,0,1,9,10,8,9,9,9,9,1,5,1,0,0,0,0,0,0,0],
[0,0,0,0,0,0,1,9,10,6,9,9,9,9,10,1,0,0,0,0,0,0,0,0],
[0,0,0,0,0,0,1,9,9,9,9,9,9,10,1,0,0,0,0,0,0,0,0,0],
[0,0,0,0,0,0,0,1,7,9,9,10,1,1,0,0,0,0,0,0,0,0,0,0],
[0,0,0,0,0,0,0,1,1,1,1,2,2,1,1,0,0,0,0,0,0,0,0,0],
[0,0,0,0,0,0,0,1,4,4,2,2,2,2,1,1,0,0,0,0,0,0,0,0],
[0,0,0,0,0,0,0,1,3,2,2,1,1,2,2,1,0,0,0,0,0,0,0,0],
[0,0,0,0,0,0,0,1,3,2,2,2,1,2,2,1,0,0,0,0,0,0,0,0],
[0,0,0,0,0,0,0,1,3,2,2,2,1,1,1,1,0,0,0,0,0,0,0,0],
[0,0,0,0,0,0,0,1,2,2,2,2,1,9,9,1,0,0,0,0,0,0,0,0],
[0,0,0,0,0,0,0,9,2,2,2,2,1,9,9,1,0,0,0,0,0,0,0,0],
[0,0,0,0,0,0,0,9,1,1,1,1,1,1,1,1,0,0,0,0,0,0,0,0],
[0,0,0,0,0,0,0,0,1,1,1,1,1,1,1,0,0,0,0,0,0,0,0,0],
[0,0,0,0,0,0,0,0,1,1,1,0,1,1,1,0,0,0,0,0,0,0,0,0],
[0,0,0,0,0,0,0,0,0,1,1,0,0,1,1,0,0,0,0,0,0,0,0,0],
[0,0,0,0,0,0,0,0,1,1,1,0,1,1,1,0,0,0,0,0,0,0,0,0],
], 
}, {imageData: [
/*MC LEFT SIDE - WALK FRAME 1*/
[0,0,0,0,0,0,0,0,1,1,1,1,1,1,0,0,0,0,0,0,0,0,0,0],
[0,0,0,0,0,0,0,1,5,5,5,5,5,5,1,0,0,0,0,0,0,0,0,0],
[0,0,0,0,0,1,1,5,5,5,5,5,5,5,1,0,0,0,0,0,0,0,0,0],
[0,0,0,0,0,1,5,5,5,5,5,5,5,5,5,1,0,0,0,0,0,0,0,0],
[0,0,0,0,0,1,5,1,5,5,5,1,5,5,5,5,1,0,0,0,0,0,0,0],
[0,0,0,0,0,0,1,9,1,5,1,1,5,5,5,5,1,0,0,0,0,0,0,0],
[0,0,0,0,0,0,1,9,1,5,1,9,1,1,5,5,1,0,0,0,0,0,0,0],
[0,0,0,0,0,0,1,9,1,1,9,9,1,1,5,5,1,0,0,0,0,0,0,0],
[0,0,0,0,0,0,1,9,10,8,9,9,9,9,1,5,1,0,0,0,0,0,0,0],
[0,0,0,0,0,0,1,9,10,6,9,9,9,9,10,1,0,0,0,0,0,0,0,0],
[0,0,0,0,0,0,1,9,9,9,9,9,9,10,1,0,0,0,0,0,0,0,0,0],
[0,0,0,0,0,0,0,1,7,9,9,10,1,1,0,0,0,0,0,0,0,0,0,0],
[0,0,0,0,0,0,0,1,1,1,1,2,2,1,1,0,0,0,0,0,0,0,0,0],
[0,0,0,0,0,0,0,1,4,4,2,2,2,2,1,0,0,0,0,0,0,0,0,0],
[0,0,0,0,0,0,0,1,3,2,2,1,1,2,1,0,0,0,0,0,0,0,0,0],
[0,0,0,0,0,0,0,1,3,2,2,2,1,2,1,0,0,0,0,0,0,0,0,0],
[0,0,0,0,0,0,0,1,3,2,2,2,1,1,1,0,0,0,0,0,0,0,0,0],
[0,0,0,0,0,0,0,1,2,2,2,2,9,9,1,0,0,0,0,0,0,0,0,0],
[0,0,0,0,0,0,0,1,2,2,2,1,9,9,1,0,0,0,0,0,0,0,0,0],
[0,0,0,0,0,0,0,1,1,1,1,1,1,1,1,0,0,0,0,0,0,0,0,0],
[0,0,0,0,0,0,0,0,23,23,0,1,1,1,1,0,0,0,0,0,0,0,0,0],
[0,0,0,0,0,0,0,0,23,23,0,0,1,1,0,0,0,0,0,0,0,0,0,0],
[0,0,0,0,0,0,0,0,23,23,0,0,1,1,0,0,0,0,0,0,0,0,0,0],
[0,0,0,0,0,0,0,23,23,23,0,1,1,1,0,0,0,0,0,0,0,0,0,0],
],
},{imageData: [
/*MC LEFT SIDE - WALK FRAME 2*/
[0,0,0,0,0,0,0,0,1,1,1,1,1,1,0,0,0,0,0,0,0,0,0,0],
[0,0,0,0,0,0,0,1,5,5,5,5,5,5,1,0,0,0,0,0,0,0,0,0],
[0,0,0,0,0,1,1,5,5,5,5,5,5,5,1,0,0,0,0,0,0,0,0,0],
[0,0,0,0,0,1,5,5,5,5,5,5,5,5,5,1,0,0,0,0,0,0,0,0],
[0,0,0,0,0,1,5,1,5,5,5,1,5,5,5,5,1,0,0,0,0,0,0,0],
[0,0,0,0,0,0,1,9,1,5,1,1,5,5,5,5,1,0,0,0,0,0,0,0],
[0,0,0,0,0,0,1,9,1,5,1,9,1,1,5,5,1,0,0,0,0,0,0,0],
[0,0,0,0,0,0,1,9,1,1,9,9,1,1,5,5,1,0,0,0,0,0,0,0],
[0,0,0,0,0,0,1,9,10,8,9,9,9,9,1,5,1,0,0,0,0,0,0,0],
[0,0,0,0,0,0,1,9,10,6,9,9,9,9,10,1,0,0,0,0,0,0,0,0],
[0,0,0,0,0,0,1,9,9,9,9,9,9,10,1,0,0,0,0,0,0,0,0,0],
[0,0,0,0,0,0,0,1,7,9,9,10,1,1,0,0,0,0,0,0,0,0,0,0],
[0,0,0,0,0,0,0,1,1,1,1,2,2,1,1,0,0,0,0,0,0,0,0,0],
[0,0,0,0,0,0,0,1,4,4,2,2,2,2,1,0,0,0,0,0,0,0,0,0],
[0,0,0,0,0,0,0,1,3,2,2,2,2,2,1,0,0,0,0,0,0,0,0,0],
[0,0,0,0,0,0,0,1,3,2,2,2,1,1,1,0,0,0,0,0,0,0,0,0],
[0,0,0,0,0,0,0,1,3,2,2,1,1,2,1,0,0,0,0,0,0,0,0,0],
[0,0,0,0,0,0,0,1,2,2,1,9,9,2,1,0,0,0,0,0,0,0,0,0],
[0,0,0,0,0,0,0,1,2,2,1,9,9,2,1,0,0,0,0,0,0,0,0,0],
[0,0,0,0,0,0,0,1,1,1,1,1,1,1,1,0,0,0,0,0,0,0,0,0],
[0,0,0,0,0,0,0,23,23,23,0,1,1,1,1,0,0,0,0,0,0,0,0,0],
[0,0,0,0,0,0,0,23,23,23,0,0,1,1,0,0,0,0,0,0,0,0,0,0],
[0,0,0,0,0,0,0,23,23,0,0,0,1,1,1,0,0,0,0,0,0,0,0,0],
[0,0,0,0,0,0,23,23,23,0,0,0,0,1,1,0,0,0,0,0,0,0,0,0],
],
},
{imageData: [
/*MC LEFT SIDE - WALK FRAME 3*/
[0,0,0,0,0,0,0,0,1,1,1,1,1,1,0,0,0,0,0,0,0,0,0,0],
[0,0,0,0,0,0,0,1,5,5,5,5,5,5,1,0,0,0,0,0,0,0,0,0],
[0,0,0,0,0,1,1,5,5,5,5,5,5,5,1,0,0,0,0,0,0,0,0,0],
[0,0,0,0,0,1,5,5,5,5,5,5,5,5,5,1,0,0,0,0,0,0,0,0],
[0,0,0,0,0,1,5,1,5,5,5,1,5,5,5,5,1,0,0,0,0,0,0,0],
[0,0,0,0,0,0,1,9,1,5,1,1,5,5,5,5,1,0,0,0,0,0,0,0],
[0,0,0,0,0,0,1,9,1,5,1,9,1,1,5,5,1,0,0,0,0,0,0,0],
[0,0,0,0,0,0,1,9,1,1,9,9,1,1,5,5,1,0,0,0,0,0,0,0],
[0,0,0,0,0,0,1,9,10,8,9,9,9,9,1,5,1,0,0,0,0,0,0,0],
[0,0,0,0,0,0,1,9,10,6,9,9,9,9,10,1,0,0,0,0,0,0,0,0],
[0,0,0,0,0,0,1,9,9,9,9,9,9,10,1,0,0,0,0,0,0,0,0,0],
[0,0,0,0,0,0,0,1,7,9,9,10,1,1,0,0,0,0,0,0,0,0,0,0],
[0,0,0,0,0,0,0,1,1,1,1,2,2,1,1,0,0,0,0,0,0,0,0,0],
[0,0,0,0,0,0,0,1,4,4,2,2,2,2,1,0,0,0,0,0,0,0,0,0],
[0,0,0,0,0,0,0,1,3,2,2,2,2,1,1,0,0,0,0,0,0,0,0,0],
[0,0,0,0,0,0,0,1,3,2,2,1,1,1,1,0,0,0,0,0,0,0,0,0],
[0,0,0,0,0,0,0,1,3,2,1,9,9,2,1,0,0,0,0,0,0,0,0,0],
[0,0,0,0,0,0,0,1,2,2,1,9,9,2,1,0,0,0,0,0,0,0,0,0],
[0,0,0,0,0,0,0,1,2,2,1,1,1,1,1,0,0,0,0,0,0,0,0,0],
[0,0,0,0,0,0,0,1,1,1,1,1,1,1,1,0,0,0,0,0,0,0,0,0],
[0,0,0,0,0,0,23,23,23,23,0,0,1,1,1,0,0,0,0,0,0,0,0,0],
[0,0,0,0,0,0,23,23,23,0,0,0,0,1,1,1,0,0,0,0,0,0,0,0],
[0,0,0,0,0,23,23,23,0,0,0,0,0,0,0,0,0,0,0,0,0,0,0,0],
[0,0,0,0,0,0,0,0,0,0,0,0,0,0,0,0,0,0,0,0,0,0,0,0],
],
},{imageData: [
/*MC LEFT SIDE - WALK FRAME 4*/
[0,0,0,0,0,0,0,0,1,1,1,1,1,1,0,0,0,0,0,0,0,0,0,0],
[0,0,0,0,0,0,0,1,5,5,5,5,5,5,1,0,0,0,0,0,0,0,0,0],
[0,0,0,0,0,1,1,5,5,5,5,5,5,5,1,0,0,0,0,0,0,0,0,0],
[0,0,0,0,0,1,5,5,5,5,5,5,5,5,5,1,0,0,0,0,0,0,0,0],
[0,0,0,0,0,1,5,1,5,5,5,1,5,5,5,5,1,0,0,0,0,0,0,0],
[0,0,0,0,0,0,1,9,1,5,1,1,5,5,5,5,1,0,0,0,0,0,0,0],
[0,0,0,0,0,0,1,9,1,5,1,9,1,1,5,5,1,0,0,0,0,0,0,0],
[0,0,0,0,0,0,1,9,1,1,9,9,1,1,5,5,1,0,0,0,0,0,0,0],
[0,0,0,0,0,0,1,9,10,8,9,9,9,9,1,5,1,0,0,0,0,0,0,0],
[0,0,0,0,0,0,1,9,10,6,9,9,9,9,10,1,0,0,0,0,0,0,0,0],
[0,0,0,0,0,0,1,9,9,9,9,9,9,10,1,0,0,0,0,0,0,0,0,0],
[0,0,0,0,0,0,0,1,7,9,9,10,1,1,0,0,0,0,0,0,0,0,0,0],
[0,0,0,0,0,0,0,1,1,1,1,2,2,1,1,0,0,0,0,0,0,0,0,0],
[0,0,0,0,0,0,0,1,4,4,2,2,2,2,1,0,0,0,0,0,0,0,0,0],
[0,0,0,0,0,0,0,1,3,2,2,1,1,2,1,0,0,0,0,0,0,0,0,0],
[0,0,0,0,0,0,0,1,3,2,2,2,1,2,1,0,0,0,0,0,0,0,0,0],
[0,0,0,0,0,0,0,1,3,2,2,2,1,1,1,0,0,0,0,0,0,0,0,0],
[0,0,0,0,0,0,0,1,2,2,2,2,9,9,1,0,0,0,0,0,0,0,0,0],
[0,0,0,0,0,0,0,1,2,1,1,1,9,9,1,0,0,0,0,0,0,0,0,0],
[0,0,0,0,0,0,0,1,1,1,1,1,1,1,1,0,0,0,0,0,0,0,0,0],
[0,0,0,0,0,0,0,1,1,1,1,23,23,0,0,0,0,0,0,0,0,0,0,0],
[0,0,0,0,0,0,0,1,1,1,0,23,23,0,0,0,0,0,0,0,0,0,0,0],
[0,0,0,0,0,0,0,1,1,0,0,23,23,23,0,0,0,0,0,0,0,0,0,0],
[0,0,0,0,0,0,1,1,1,0,0,0,23,23,0,0,0,0,0,0,0,0,0,0],
],
},{imageData: [
/*MC LEFT SIDE - WALK FRAME 5*/
[0,0,0,0,0,0,0,0,1,1,1,1,1,1,0,0,0,0,0,0,0,0,0,0],
[0,0,0,0,0,0,0,1,5,5,5,5,5,5,1,0,0,0,0,0,0,0,0,0],
[0,0,0,0,0,1,1,5,5,5,5,5,5,5,1,0,0,0,0,0,0,0,0,0],
[0,0,0,0,0,1,5,5,5,5,5,5,5,5,5,1,0,0,0,0,0,0,0,0],
[0,0,0,0,0,1,5,1,5,5,5,1,5,5,5,5,1,0,0,0,0,0,0,0],
[0,0,0,0,0,0,1,9,1,5,1,1,5,5,5,5,1,0,0,0,0,0,0,0],
[0,0,0,0,0,0,1,9,1,5,1,9,1,1,5,5,1,0,0,0,0,0,0,0],
[0,0,0,0,0,0,1,9,1,1,9,9,1,1,5,5,1,0,0,0,0,0,0,0],
[0,0,0,0,0,0,1,9,10,8,9,9,9,9,1,5,1,0,0,0,0,0,0,0],
[0,0,0,0,0,0,1,9,10,6,9,9,9,9,10,1,0,0,0,0,0,0,0,0],
[0,0,0,0,0,0,1,9,9,9,9,9,9,10,1,0,0,0,0,0,0,0,0,0],
[0,0,0,0,0,0,0,1,7,9,9,10,1,1,0,0,0,0,0,0,0,0,0,0],
[0,0,0,0,0,0,0,1,1,1,1,2,2,1,1,0,0,0,0,0,0,0,0,0],
[0,0,0,0,0,0,0,1,4,4,2,2,2,2,1,0,0,0,0,0,0,0,0,0],
[0,0,0,0,0,0,0,1,3,2,2,1,1,2,1,0,0,0,0,0,0,0,0,0],
[0,0,0,0,0,0,0,1,3,2,2,2,1,2,1,1,0,0,0,0,0,0,0,0],
[0,0,0,0,0,0,0,1,3,2,2,2,2,1,9,9,1,0,0,0,0,0,0,0],
[0,0,0,0,0,0,0,1,2,2,2,2,2,2,9,9,1,0,0,0,0,0,0,0],
[0,0,0,0,0,0,0,1,2,1,1,1,1,2,1,1,0,0,0,0,0,0,0,0],
[0,0,0,0,0,0,0,1,1,1,1,1,1,1,1,0,0,0,0,0,0,0,0,0],
[0,0,0,0,0,0,0,1,1,1,1,23,23,23,0,0,0,0,0,0,0,0,0,0],
[0,0,0,0,0,0,1,1,1,0,0,0,23,23,23,23,0,0,0,0,0,0,0,0],
[0,0,0,0,0,1,1,1,0,0,0,0,0,0,23,0,0,0,0,0,0,0,0,0],
[0,0,0,0,0,0,0,0,0,0,0,0,0,0,0,0,0,0,0,0,0,0,0,0],
],
},{imageData: [
/*MC LEFT SIDE - ATTACK FRAME 1*/
[0,0,0,0,0,0,0,0,1,1,1,1,1,1,0,0,0,0,0,0,0,0,0,0],
[0,0,0,0,0,0,0,1,5,5,5,5,5,5,1,0,0,0,0,0,0,0,0,0],
[0,0,0,0,0,1,1,5,5,5,5,5,5,5,1,0,0,0,0,0,0,0,0,0],
[0,0,0,0,0,1,5,5,5,5,5,5,5,5,5,1,0,0,0,0,0,0,0,0],
[0,0,0,0,0,1,5,1,5,5,5,1,5,5,5,5,1,0,0,0,0,0,0,0],
[0,0,0,0,0,0,1,9,1,5,1,1,5,5,5,5,1,0,0,0,0,0,0,0],
[0,0,0,0,0,0,1,9,1,5,1,9,1,1,5,5,1,0,0,0,0,0,0,0],
[0,0,0,0,0,0,1,9,1,1,9,9,1,1,5,5,1,0,0,0,0,0,0,0],
[0,0,0,0,0,0,1,9,10,8,9,9,9,9,1,5,1,0,0,0,0,0,0,0],
[0,0,0,0,0,0,1,9,10,6,9,9,9,9,10,1,0,0,0,0,0,0,0,0],
[0,0,0,0,0,0,1,9,9,9,9,9,9,10,1,0,0,0,0,0,0,0,0,0],
[0,0,0,0,0,0,0,1,7,9,9,10,1,1,0,0,0,0,0,0,0,0,0,0],
[0,0,0,0,0,0,0,1,1,1,1,2,2,1,1,0,0,0,0,0,0,0,0,0],
[0,0,0,0,0,0,0,1,4,4,2,2,2,2,1,0,0,0,0,0,0,0,0,0],
[0,0,0,0,0,0,0,1,3,2,2,1,1,2,1,0,0,0,0,0,0,0,0,0],
[0,0,0,0,0,0,0,1,3,2,2,2,1,2,1,0,0,0,0,0,0,0,0,0],
[0,0,0,0,0,0,0,1,3,2,2,2,9,9,1,0,0,0,0,0,0,0,0,0],
[0,0,0,0,0,0,0,1,2,2,2,2,9,9,1,0,0,0,0,0,0,0,0,0],
[0,0,0,0,0,0,0,9,2,2,2,2,2,2,1,0,0,0,0,0,0,0,0,0],
[0,0,0,0,0,0,0,9,1,1,1,1,1,1,1,0,0,0,0,0,0,0,0,0],
[0,0,0,0,0,0,0,0,1,1,1,1,1,1,1,0,0,0,0,0,0,0,0,0],
[0,0,0,0,0,0,0,0,1,1,1,0,1,1,1,0,0,0,0,0,0,0,0,0],
[0,0,0,0,0,0,0,0,0,1,1,0,0,1,1,0,0,0,0,0,0,0,0,0],
[0,0,0,0,0,0,0,0,1,1,1,0,1,1,1,0,0,0,0,0,0,0,0,0],
], 
},{imageData: [
/*MC LEFT SIDE - ATTACK FRAME 2*/
[0,0,0,0,0,0,0,0,1,1,1,1,1,1,0,0,0,0,0,0,0,0,0,0],
[0,0,0,0,0,0,0,1,5,5,5,5,5,5,1,0,0,0,0,0,0,0,0,0],
[0,0,0,0,0,1,1,5,5,5,5,5,5,5,1,0,0,0,0,0,0,0,0,0],
[0,0,0,0,0,1,5,5,5,5,5,5,5,5,5,1,0,0,0,0,0,0,0,0],
[0,0,0,0,0,1,5,1,5,5,5,1,5,5,5,5,1,0,0,0,0,0,0,0],
[0,0,0,0,0,0,1,9,1,5,1,1,5,5,5,5,1,0,0,0,0,0,0,0],
[0,0,0,0,0,0,1,9,1,5,1,9,1,1,5,5,1,0,0,0,0,0,0,0],
[0,0,0,0,0,0,1,9,1,1,9,9,1,1,5,5,1,0,0,0,0,0,0,0],
[0,0,0,0,0,0,1,9,10,8,9,9,9,9,1,5,1,0,0,0,0,0,0,0],
[0,0,0,0,0,0,1,9,10,6,9,9,9,9,10,1,0,0,0,0,0,0,0,0],
[0,0,0,0,0,0,1,9,9,9,9,9,9,10,1,0,0,0,0,0,0,0,0,0],
[0,0,0,0,0,0,0,1,7,9,9,10,1,1,0,0,0,0,0,0,0,0,0,0],
[0,0,0,0,0,0,0,1,1,1,1,2,2,1,1,0,0,0,0,0,0,0,0,0],
[0,0,0,0,0,0,0,1,4,4,2,2,2,2,1,0,0,0,0,0,0,0,0,0],
[0,0,0,0,0,0,0,1,3,2,2,1,1,2,1,0,0,0,0,0,0,0,0,0],
[0,0,0,0,0,0,0,1,3,2,2,9,9,1,1,0,0,0,0,0,0,0,0,0],
[0,0,0,0,0,0,0,1,3,2,2,9,9,1,1,0,0,0,0,0,0,0,0,0],
[0,0,0,0,0,0,0,1,2,2,2,2,2,2,1,0,0,0,0,0,0,0,0,0],
[0,0,0,0,0,0,0,9,2,2,2,2,2,2,1,0,0,0,0,0,0,0,0,0],
[0,0,0,0,0,0,0,9,1,1,1,1,1,1,1,0,0,0,0,0,0,0,0,0],
[0,0,0,0,0,0,0,0,1,1,1,1,1,1,1,0,0,0,0,0,0,0,0,0],
[0,0,0,0,0,0,0,0,1,1,1,0,1,1,1,0,0,0,0,0,0,0,0,0],
[0,0,0,0,0,0,0,0,0,1,1,0,0,1,1,0,0,0,0,0,0,0,0,0],
[0,0,0,0,0,0,0,0,1,1,1,0,1,1,1,0,0,0,0,0,0,0,0,0],
], 
},{imageData: [
/*MC LEFT SIDE - ATTACK FRAME 3*/
[0,0,0,0,0,0,0,0,1,1,1,1,1,1,0,0,0,0,0,0,0,0,0,0],
[0,0,0,0,0,0,0,1,5,5,5,5,5,5,1,0,0,0,0,0,0,0,0,0],
[0,0,0,0,0,1,1,5,5,5,5,5,5,5,1,0,0,0,0,0,0,0,0,0],
[0,0,0,0,0,1,5,5,5,5,5,5,5,5,5,1,0,0,0,0,0,0,0,0],
[0,0,0,0,0,1,5,1,5,5,5,1,5,5,5,5,1,0,0,0,0,0,0,0],
[0,0,0,0,0,0,1,9,1,5,1,1,5,5,5,5,1,0,0,0,0,0,0,0],
[0,0,0,0,0,0,1,9,1,5,1,9,1,1,5,5,1,0,0,0,0,0,0,0],
[0,0,0,0,0,0,1,9,1,1,9,9,1,1,5,5,1,0,0,0,0,0,0,0],
[0,0,0,0,0,0,1,9,10,8,9,9,9,9,1,5,1,0,0,0,0,0,0,0],
[0,0,0,0,0,0,1,9,10,6,9,9,9,9,10,1,0,0,0,0,0,0,0,0],
[0,0,0,0,0,0,1,9,9,9,9,9,9,10,1,0,0,0,0,0,0,0,0,0],
[0,0,0,0,0,0,0,1,7,9,9,10,1,1,0,0,0,0,0,0,0,0,0,0],
[0,0,0,0,0,0,0,1,1,1,1,2,2,1,1,0,0,0,0,0,0,0,0,0],
[0,0,0,0,0,0,0,1,4,4,2,2,2,2,1,0,0,0,0,0,0,0,0,0],
[0,0,0,0,0,0,0,1,3,2,9,9,1,2,1,0,0,0,0,0,0,0,0,0],
[0,0,0,0,0,0,0,1,3,2,9,9,2,1,1,0,0,0,0,0,0,0,0,0],
[0,0,0,0,0,0,0,1,3,2,2,2,1,1,1,0,0,0,0,0,0,0,0,0],
[0,0,0,0,0,0,0,1,2,2,2,2,2,2,1,0,0,0,0,0,0,0,0,0],
[0,0,0,0,0,0,0,9,2,2,2,2,2,2,1,0,0,0,0,0,0,0,0,0],
[0,0,0,0,0,0,0,9,1,1,1,1,1,1,1,0,0,0,0,0,0,0,0,0],
[0,0,0,0,0,0,0,0,1,1,1,1,1,1,1,0,0,0,0,0,0,0,0,0],
[0,0,0,0,0,0,0,0,1,1,1,0,1,1,1,0,0,0,0,0,0,0,0,0],
[0,0,0,0,0,0,0,0,0,1,1,0,0,1,1,0,0,0,0,0,0,0,0,0],
[0,0,0,0,0,0,0,0,1,1,1,0,1,1,1,0,0,0,0,0,0,0,0,0],
], 
},{imageData: [
/*MC LEFT SIDE - ATTACK FRAME 4*/
[0,0,0,0,0,0,0,0,1,1,1,1,1,1,0,0,0,0,0,0,0,0,0,0],
[0,0,0,0,0,0,0,1,5,5,5,5,5,5,1,0,0,0,0,0,0,0,0,0],
[0,0,0,0,0,1,1,5,5,5,5,5,5,5,1,0,0,0,0,0,0,0,0,0],
[0,0,0,0,0,1,5,5,5,5,5,5,5,5,5,1,0,0,0,0,0,0,0,0],
[0,0,0,0,0,1,5,1,5,5,5,1,5,5,5,5,1,0,0,0,0,0,0,0],
[0,0,0,0,0,0,1,9,1,5,1,1,5,5,5,5,1,0,0,0,0,0,0,0],
[0,0,0,0,0,0,1,9,1,5,1,9,1,1,5,5,1,0,0,0,0,0,0,0],
[0,0,0,0,0,0,1,9,1,1,9,9,1,1,5,5,1,0,0,0,0,0,0,0],
[0,0,0,0,0,0,1,9,10,8,9,9,9,9,1,5,1,0,0,0,0,0,0,0],
[0,0,0,0,0,0,1,9,10,6,9,9,9,9,10,1,0,0,0,0,0,0,0,0],
[0,0,0,0,0,0,1,9,9,9,9,9,9,10,1,0,0,0,0,0,0,0,0,0],
[0,0,0,0,0,0,0,1,7,9,9,10,1,1,0,0,0,0,0,0,0,0,0,0],
[0,0,0,0,0,0,0,1,1,1,1,2,2,1,1,0,0,0,0,0,0,0,0,0],
[0,0,0,0,0,0,0,1,4,4,2,2,2,2,1,0,0,0,0,0,0,0,0,0],
[0,0,0,0,0,0,0,1,3,2,2,1,1,2,1,0,0,0,0,0,0,0,0,0],
[0,0,0,0,0,0,0,1,3,2,2,9,9,1,1,0,0,0,0,0,0,0,0,0],
[0,0,0,0,0,0,0,1,3,2,2,9,9,1,1,0,0,0,0,0,0,0,0,0],
[0,0,0,0,0,0,0,1,2,2,2,2,2,2,1,0,0,0,0,0,0,0,0,0],
[0,0,0,0,0,0,0,9,2,2,2,2,2,2,1,0,0,0,0,0,0,0,0,0],
[0,0,0,0,0,0,0,9,1,1,1,1,1,1,1,0,0,0,0,0,0,0,0,0],
[0,0,0,0,0,0,0,0,1,1,1,1,1,1,1,0,0,0,0,0,0,0,0,0],
[0,0,0,0,0,0,0,0,1,1,1,0,1,1,1,0,0,0,0,0,0,0,0,0],
[0,0,0,0,0,0,0,0,0,1,1,0,0,1,1,0,0,0,0,0,0,0,0,0],
[0,0,0,0,0,0,0,0,1,1,1,0,1,1,1,0,0,0,0,0,0,0,0,0],
], 
},{imageData: [
/*MC LEFT SIDE - ATTACK FRAME 5*/
[0,0,0,0,0,0,0,0,1,1,1,1,1,1,0,0,0,0,0,0,0,0,0,0],
[0,0,0,0,0,0,0,1,5,5,5,5,5,5,1,0,0,0,0,0,0,0,0,0],
[0,0,0,0,0,1,1,5,5,5,5,5,5,5,1,0,0,0,0,0,0,0,0,0],
[0,0,0,0,0,1,5,5,5,5,5,5,5,5,5,1,0,0,0,0,0,0,0,0],
[0,0,0,0,0,1,5,1,5,5,5,1,5,5,5,5,1,0,0,0,0,0,0,0],
[0,0,0,0,0,0,1,9,1,5,1,1,5,5,5,5,1,0,0,0,0,0,0,0],
[0,0,0,0,0,0,1,9,1,5,1,9,1,1,5,5,1,0,0,0,0,0,0,0],
[0,0,0,0,0,0,1,9,1,1,9,9,1,1,5,5,1,0,0,0,0,0,0,0],
[0,0,0,0,0,0,1,9,10,8,9,9,9,9,1,5,1,0,0,0,0,0,0,0],
[0,0,0,0,0,0,1,9,10,6,9,9,9,9,10,1,0,0,0,0,0,0,0,0],
[0,0,0,0,0,0,1,9,9,9,9,9,9,10,1,0,0,0,0,0,0,0,0,0],
[0,0,0,0,0,0,0,1,7,9,9,10,1,1,0,0,0,0,0,0,0,0,0,0],
[0,0,0,0,0,0,0,1,1,1,1,2,2,1,1,0,0,0,0,0,0,0,0,0],
[0,0,0,0,0,0,0,1,4,4,2,2,2,2,1,0,0,0,0,0,0,0,0,0],
[0,0,0,0,0,0,0,1,3,2,2,1,1,2,1,0,0,0,0,0,0,0,0,0],
[0,0,0,0,0,0,0,1,3,2,2,2,1,2,1,0,0,0,0,0,0,0,0,0],
[0,0,0,0,0,0,0,1,3,2,2,2,9,9,1,0,0,0,0,0,0,0,0,0],
[0,0,0,0,0,0,0,1,2,2,2,2,9,9,1,0,0,0,0,0,0,0,0,0],
[0,0,0,0,0,0,0,9,2,2,2,2,2,2,1,0,0,0,0,0,0,0,0,0],
[0,0,0,0,0,0,0,9,1,1,1,1,1,1,1,0,0,0,0,0,0,0,0,0],
[0,0,0,0,0,0,0,0,1,1,1,1,1,1,1,0,0,0,0,0,0,0,0,0],
[0,0,0,0,0,0,0,0,1,1,1,0,1,1,1,0,0,0,0,0,0,0,0,0],
[0,0,0,0,0,0,0,0,0,1,1,0,0,1,1,0,0,0,0,0,0,0,0,0],
[0,0,0,0,0,0,0,0,1,1,1,0,1,1,1,0,0,0,0,0,0,0,0,0],
], 
},{imageData: [
/*MC RIGHT SIDE - STILL*/
[0,0,0,0,0,0,0,0,1,1,1,1,1,1,0,0,0,0,0,0,0,0,0,0],
[0,0,0,0,0,0,0,1,5,5,5,5,5,5,1,0,0,0,0,0,0,0,0,0],
[0,0,0,0,0,1,1,5,5,5,5,5,5,5,1,0,0,0,0,0,0,0,0,0],
[0,0,0,0,0,1,5,5,5,5,5,5,5,5,5,1,0,0,0,0,0,0,0,0],
[0,0,0,0,0,1,5,1,5,5,5,1,5,5,5,5,1,0,0,0,0,0,0,0],
[0,0,0,0,0,0,1,9,1,5,1,1,5,5,5,5,1,0,0,0,0,0,0,0],
[0,0,0,0,0,0,1,9,1,5,1,9,1,1,5,5,1,0,0,0,0,0,0,0],
[0,0,0,0,0,0,1,9,1,1,9,9,1,1,5,5,1,0,0,0,0,0,0,0],
[0,0,0,0,0,0,1,9,10,8,9,9,9,9,1,5,1,0,0,0,0,0,0,0],
[0,0,0,0,0,0,1,9,10,6,9,9,9,9,10,1,0,0,0,0,0,0,0,0],
[0,0,0,0,0,0,1,9,9,9,9,9,9,10,1,0,0,0,0,0,0,0,0,0],
[0,0,0,0,0,0,0,1,7,9,9,10,1,1,0,0,0,0,0,0,0,0,0,0],
[0,0,0,0,0,0,0,1,1,1,1,2,2,1,1,0,0,0,0,0,0,0,0,0],
[0,0,0,0,0,0,0,1,4,4,2,2,2,2,1,1,0,0,0,0,0,0,0,0],
[0,0,0,0,0,0,0,1,3,2,2,1,1,2,2,1,0,0,0,0,0,0,0,0],
[0,0,0,0,0,0,0,1,3,2,2,2,1,2,2,1,0,0,0,0,0,0,0,0],
[0,0,0,0,0,0,0,1,3,2,2,2,1,1,1,1,0,0,0,0,0,0,0,0],
[0,0,0,0,0,0,0,1,2,2,2,2,1,9,9,1,0,0,0,0,0,0,0,0],
[0,0,0,0,0,0,0,9,2,2,2,2,1,9,9,1,0,0,0,0,0,0,0,0],
[0,0,0,0,0,0,0,9,1,1,1,1,1,1,1,1,0,0,0,0,0,0,0,0],
[0,0,0,0,0,0,0,0,1,1,1,1,1,1,1,0,0,0,0,0,0,0,0,0],
[0,0,0,0,0,0,0,0,1,1,1,0,1,1,1,0,0,0,0,0,0,0,0,0],
[0,0,0,0,0,0,0,0,0,1,1,0,0,1,1,0,0,0,0,0,0,0,0,0],
[0,0,0,0,0,0,0,0,1,1,1,0,1,1,1,0,0,0,0,0,0,0,0,0],
],
},{imageData: [
/*MC RIGHT SIDE - WALK FRAME 1*/
[0,0,0,0,0,0,0,0,1,1,1,1,1,1,0,0,0,0,0,0,0,0,0,0],
[0,0,0,0,0,0,0,1,5,5,5,5,5,5,1,0,0,0,0,0,0,0,0,0],
[0,0,0,0,0,1,1,5,5,5,5,5,5,5,1,0,0,0,0,0,0,0,0,0],
[0,0,0,0,0,1,5,5,5,5,5,5,5,5,5,1,0,0,0,0,0,0,0,0],
[0,0,0,0,0,1,5,1,5,5,5,1,5,5,5,5,1,0,0,0,0,0,0,0],
[0,0,0,0,0,0,1,9,1,5,1,1,5,5,5,5,1,0,0,0,0,0,0,0],
[0,0,0,0,0,0,1,9,1,5,1,9,1,1,5,5,1,0,0,0,0,0,0,0],
[0,0,0,0,0,0,1,9,1,1,9,9,1,1,5,5,1,0,0,0,0,0,0,0],
[0,0,0,0,0,0,1,9,10,8,9,9,9,9,1,5,1,0,0,0,0,0,0,0],
[0,0,0,0,0,0,1,9,10,6,9,9,9,9,10,1,0,0,0,0,0,0,0,0],
[0,0,0,0,0,0,1,9,9,9,9,9,9,10,1,0,0,0,0,0,0,0,0,0],
[0,0,0,0,0,0,0,1,7,9,9,10,1,1,0,0,0,0,0,0,0,0,0,0],
[0,0,0,0,0,0,0,1,1,1,1,2,2,1,1,0,0,0,0,0,0,0,0,0],
[0,0,0,0,0,0,0,1,4,4,2,2,2,2,1,0,0,0,0,0,0,0,0,0],
[0,0,0,0,0,0,0,1,3,2,2,1,1,2,1,0,0,0,0,0,0,0,0,0],
[0,0,0,0,0,0,0,1,3,2,2,2,1,2,1,0,0,0,0,0,0,0,0,0],
[0,0,0,0,0,0,0,1,3,2,2,2,1,1,1,0,0,0,0,0,0,0,0,0],
[0,0,0,0,0,0,0,1,2,2,2,2,9,9,1,0,0,0,0,0,0,0,0,0],
[0,0,0,0,0,0,0,1,2,2,2,1,9,9,1,0,0,0,0,0,0,0,0,0],
[0,0,0,0,0,0,0,1,1,1,1,1,1,1,1,0,0,0,0,0,0,0,0,0],
[0,0,0,0,0,0,0,0,23,23,0,1,1,1,1,0,0,0,0,0,0,0,0,0],
[0,0,0,0,0,0,0,0,23,23,0,0,1,1,0,0,0,0,0,0,0,0,0,0],
[0,0,0,0,0,0,0,0,23,23,0,0,1,1,0,0,0,0,0,0,0,0,0,0],
[0,0,0,0,0,0,0,23,23,23,0,1,1,1,0,0,0,0,0,0,0,0,0,0],
],
},{imageData: [
/*MC RIGHT SIDE - WALK FRAME 2*/
[0,0,0,0,0,0,0,0,1,1,1,1,1,1,0,0,0,0,0,0,0,0,0,0],
[0,0,0,0,0,0,0,1,5,5,5,5,5,5,1,0,0,0,0,0,0,0,0,0],
[0,0,0,0,0,1,1,5,5,5,5,5,5,5,1,0,0,0,0,0,0,0,0,0],
[0,0,0,0,0,1,5,5,5,5,5,5,5,5,5,1,0,0,0,0,0,0,0,0],
[0,0,0,0,0,1,5,1,5,5,5,1,5,5,5,5,1,0,0,0,0,0,0,0],
[0,0,0,0,0,0,1,9,1,5,1,1,5,5,5,5,1,0,0,0,0,0,0,0],
[0,0,0,0,0,0,1,9,1,5,1,9,1,1,5,5,1,0,0,0,0,0,0,0],
[0,0,0,0,0,0,1,9,1,1,9,9,1,1,5,5,1,0,0,0,0,0,0,0],
[0,0,0,0,0,0,1,9,10,8,9,9,9,9,1,5,1,0,0,0,0,0,0,0],
[0,0,0,0,0,0,1,9,10,6,9,9,9,9,10,1,0,0,0,0,0,0,0,0],
[0,0,0,0,0,0,1,9,9,9,9,9,9,10,1,0,0,0,0,0,0,0,0,0],
[0,0,0,0,0,0,0,1,7,9,9,10,1,1,0,0,0,0,0,0,0,0,0,0],
[0,0,0,0,0,0,0,1,1,1,1,2,2,1,1,0,0,0,0,0,0,0,0,0],
[0,0,0,0,0,0,0,1,4,4,2,2,2,2,1,0,0,0,0,0,0,0,0,0],
[0,0,0,0,0,0,0,1,3,2,2,2,2,2,1,0,0,0,0,0,0,0,0,0],
[0,0,0,0,0,0,0,1,3,2,2,2,1,1,1,0,0,0,0,0,0,0,0,0],
[0,0,0,0,0,0,0,1,3,2,2,1,1,2,1,0,0,0,0,0,0,0,0,0],
[0,0,0,0,0,0,0,1,2,2,1,9,9,2,1,0,0,0,0,0,0,0,0,0],
[0,0,0,0,0,0,0,1,2,2,1,9,9,2,1,0,0,0,0,0,0,0,0,0],
[0,0,0,0,0,0,0,1,1,1,1,1,1,1,1,0,0,0,0,0,0,0,0,0],
[0,0,0,0,0,0,0,23,23,23,0,1,1,1,1,0,0,0,0,0,0,0,0,0],
[0,0,0,0,0,0,0,23,23,23,0,0,1,1,0,0,0,0,0,0,0,0,0,0],
[0,0,0,0,0,0,0,23,23,0,0,0,1,1,1,0,0,0,0,0,0,0,0,0],
[0,0,0,0,0,0,23,23,23,0,0,0,0,1,1,0,0,0,0,0,0,0,0,0],
],
},{imageData: [
/*MC RIGHT SIDE - WALK FRAME 3*/
[0,0,0,0,0,0,0,0,1,1,1,1,1,1,0,0,0,0,0,0,0,0,0,0],
[0,0,0,0,0,0,0,1,5,5,5,5,5,5,1,0,0,0,0,0,0,0,0,0],
[0,0,0,0,0,1,1,5,5,5,5,5,5,5,1,0,0,0,0,0,0,0,0,0],
[0,0,0,0,0,1,5,5,5,5,5,5,5,5,5,1,0,0,0,0,0,0,0,0],
[0,0,0,0,0,1,5,1,5,5,5,1,5,5,5,5,1,0,0,0,0,0,0,0],
[0,0,0,0,0,0,1,9,1,5,1,1,5,5,5,5,1,0,0,0,0,0,0,0],
[0,0,0,0,0,0,1,9,1,5,1,9,1,1,5,5,1,0,0,0,0,0,0,0],
[0,0,0,0,0,0,1,9,1,1,9,9,1,1,5,5,1,0,0,0,0,0,0,0],
[0,0,0,0,0,0,1,9,10,8,9,9,9,9,1,5,1,0,0,0,0,0,0,0],
[0,0,0,0,0,0,1,9,10,6,9,9,9,9,10,1,0,0,0,0,0,0,0,0],
[0,0,0,0,0,0,1,9,9,9,9,9,9,10,1,0,0,0,0,0,0,0,0,0],
[0,0,0,0,0,0,0,1,7,9,9,10,1,1,0,0,0,0,0,0,0,0,0,0],
[0,0,0,0,0,0,0,1,1,1,1,2,2,1,1,0,0,0,0,0,0,0,0,0],
[0,0,0,0,0,0,0,1,4,4,2,2,2,2,1,0,0,0,0,0,0,0,0,0],
[0,0,0,0,0,0,0,1,3,2,2,2,2,1,1,0,0,0,0,0,0,0,0,0],
[0,0,0,0,0,0,0,1,3,2,2,1,1,1,1,0,0,0,0,0,0,0,0,0],
[0,0,0,0,0,0,0,1,3,2,1,9,9,2,1,0,0,0,0,0,0,0,0,0],
[0,0,0,0,0,0,0,1,2,2,1,9,9,2,1,0,0,0,0,0,0,0,0,0],
[0,0,0,0,0,0,0,1,2,2,1,1,1,1,1,0,0,0,0,0,0,0,0,0],
[0,0,0,0,0,0,0,1,1,1,1,1,1,1,1,0,0,0,0,0,0,0,0,0],
[0,0,0,0,0,0,23,23,23,23,0,0,1,1,1,0,0,0,0,0,0,0,0,0],
[0,0,0,0,0,0,23,23,23,0,0,0,0,1,1,1,0,0,0,0,0,0,0,0],
[0,0,0,0,0,23,23,23,0,0,0,0,0,0,0,0,0,0,0,0,0,0,0,0],
[0,0,0,0,0,0,0,0,0,0,0,0,0,0,0,0,0,0,0,0,0,0,0,0],
],
},{imageData: [
/*MC RIGHT SIDE - WALK FRME 4*/
[0,0,0,0,0,0,0,0,1,1,1,1,1,1,0,0,0,0,0,0,0,0,0,0],
[0,0,0,0,0,0,0,1,5,5,5,5,5,5,1,0,0,0,0,0,0,0,0,0],
[0,0,0,0,0,1,1,5,5,5,5,5,5,5,1,0,0,0,0,0,0,0,0,0],
[0,0,0,0,0,1,5,5,5,5,5,5,5,5,5,1,0,0,0,0,0,0,0,0],
[0,0,0,0,0,1,5,1,5,5,5,1,5,5,5,5,1,0,0,0,0,0,0,0],
[0,0,0,0,0,0,1,9,1,5,1,1,5,5,5,5,1,0,0,0,0,0,0,0],
[0,0,0,0,0,0,1,9,1,5,1,9,1,1,5,5,1,0,0,0,0,0,0,0],
[0,0,0,0,0,0,1,9,1,1,9,9,1,1,5,5,1,0,0,0,0,0,0,0],
[0,0,0,0,0,0,1,9,10,8,9,9,9,9,1,5,1,0,0,0,0,0,0,0],
[0,0,0,0,0,0,1,9,10,6,9,9,9,9,10,1,0,0,0,0,0,0,0,0],
[0,0,0,0,0,0,1,9,9,9,9,9,9,10,1,0,0,0,0,0,0,0,0,0],
[0,0,0,0,0,0,0,1,7,9,9,10,1,1,0,0,0,0,0,0,0,0,0,0],
[0,0,0,0,0,0,0,1,1,1,1,2,2,1,1,0,0,0,0,0,0,0,0,0],
[0,0,0,0,0,0,0,1,4,4,2,2,2,2,1,0,0,0,0,0,0,0,0,0],
[0,0,0,0,0,0,0,1,3,2,2,1,1,2,1,0,0,0,0,0,0,0,0,0],
[0,0,0,0,0,0,0,1,3,2,2,2,1,2,1,0,0,0,0,0,0,0,0,0],
[0,0,0,0,0,0,0,1,3,2,2,2,1,1,1,0,0,0,0,0,0,0,0,0],
[0,0,0,0,0,0,0,1,2,2,2,2,9,9,1,0,0,0,0,0,0,0,0,0],
[0,0,0,0,0,0,0,1,2,1,1,1,9,9,1,0,0,0,0,0,0,0,0,0],
[0,0,0,0,0,0,0,1,1,1,1,1,1,1,1,0,0,0,0,0,0,0,0,0],
[0,0,0,0,0,0,0,1,1,1,1,23,23,0,0,0,0,0,0,0,0,0,0,0],
[0,0,0,0,0,0,0,1,1,1,0,23,23,0,0,0,0,0,0,0,0,0,0,0],
[0,0,0,0,0,0,0,1,1,0,0,23,23,23,0,0,0,0,0,0,0,0,0,0],
[0,0,0,0,0,0,1,1,1,0,0,0,23,23,0,0,0,0,0,0,0,0,0,0],
],
},{imageData: [
/*MC RIGHT SIDE - WALK FRAME 5*/
[0,0,0,0,0,0,0,0,1,1,1,1,1,1,0,0,0,0,0,0,0,0,0,0],
[0,0,0,0,0,0,0,1,5,5,5,5,5,5,1,0,0,0,0,0,0,0,0,0],
[0,0,0,0,0,1,1,5,5,5,5,5,5,5,1,0,0,0,0,0,0,0,0,0],
[0,0,0,0,0,1,5,5,5,5,5,5,5,5,5,1,0,0,0,0,0,0,0,0],
[0,0,0,0,0,1,5,1,5,5,5,1,5,5,5,5,1,0,0,0,0,0,0,0],
[0,0,0,0,0,0,1,9,1,5,1,1,5,5,5,5,1,0,0,0,0,0,0,0],
[0,0,0,0,0,0,1,9,1,5,1,9,1,1,5,5,1,0,0,0,0,0,0,0],
[0,0,0,0,0,0,1,9,1,1,9,9,1,1,5,5,1,0,0,0,0,0,0,0],
[0,0,0,0,0,0,1,9,10,8,9,9,9,9,1,5,1,0,0,0,0,0,0,0],
[0,0,0,0,0,0,1,9,10,6,9,9,9,9,10,1,0,0,0,0,0,0,0,0],
[0,0,0,0,0,0,1,9,9,9,9,9,9,10,1,0,0,0,0,0,0,0,0,0],
[0,0,0,0,0,0,0,1,7,9,9,10,1,1,0,0,0,0,0,0,0,0,0,0],
[0,0,0,0,0,0,0,1,1,1,1,2,2,1,1,0,0,0,0,0,0,0,0,0],
[0,0,0,0,0,0,0,1,4,4,2,2,2,2,1,0,0,0,0,0,0,0,0,0],
[0,0,0,0,0,0,0,1,3,2,2,1,1,2,1,0,0,0,0,0,0,0,0,0],
[0,0,0,0,0,0,0,1,3,2,2,2,1,2,1,1,0,0,0,0,0,0,0,0],
[0,0,0,0,0,0,0,1,3,2,2,2,2,1,9,9,1,0,0,0,0,0,0,0],
[0,0,0,0,0,0,0,1,2,2,2,2,2,2,9,9,1,0,0,0,0,0,0,0],
[0,0,0,0,0,0,0,1,2,1,1,1,1,2,1,1,0,0,0,0,0,0,0,0],
[0,0,0,0,0,0,0,1,1,1,1,1,1,1,1,0,0,0,0,0,0,0,0,0],
[0,0,0,0,0,0,0,1,1,1,1,23,23,23,0,0,0,0,0,0,0,0,0,0],
[0,0,0,0,0,0,1,1,1,0,0,0,23,23,23,23,0,0,0,0,0,0,0,0],
[0,0,0,0,0,1,1,1,0,0,0,0,0,0,23,0,0,0,0,0,0,0,0,0],
[0,0,0,0,0,0,0,0,0,0,0,0,0,0,0,0,0,0,0,0,0,0,0,0],
],
},{imageData: [
/*MC BACK - STILL*/
[0,0,0,0,0,0,0,1,1,1,1,1,1,1,1,1,0,0,0,0,0,0,0,0],
[0,0,0,0,0,0,1,1,5,5,3,5,5,5,5,1,1,0,0,0,0,0,0,0],
[0,0,0,0,0,0,1,5,3,5,5,3,5,5,3,5,1,0,0,0,0,0,0,0],
[0,0,0,0,0,0,1,5,5,3,5,5,3,3,5,5,1,0,0,0,0,0,0,0],
[0,0,0,0,0,0,1,5,3,5,3,5,3,5,3,5,5,1,0,0,0,0,0,0],
[0,0,0,0,0,1,5,5,3,5,3,5,3,5,5,5,5,1,0,0,0,0,0,0],
[0,0,0,0,0,0,1,5,3,3,5,3,5,3,5,5,1,0,0,0,0,0,0,0],
[0,0,0,0,0,0,1,5,5,3,5,5,5,5,3,5,1,0,0,0,0,0,0,0],
[0,0,0,0,0,0,1,1,5,5,5,5,5,5,5,5,1,0,0,0,0,0,0,0],
[0,0,0,0,0,0,1,9,1,5,5,1,1,5,1,5,1,0,0,0,0,0,0,0],
[0,0,0,0,0,0,0,1,9,1,1,9,9,1,9,1,0,0,0,0,0,0,0,0],
[0,0,0,0,0,0,0,0,1,1,1,1,1,1,1,0,0,0,0,0,0,0,0,0],
[0,0,0,0,0,0,1,1,2,2,2,4,2,2,2,1,1,0,0,0,0,0,0,0],
[0,0,0,0,0,0,1,2,1,2,2,2,2,2,1,2,1,0,0,0,0,0,0,0],
[0,0,0,0,0,0,1,2,1,2,2,2,2,2,1,2,1,0,0,0,0,0,0,0],
[0,0,0,0,0,1,1,2,1,2,2,2,2,2,1,2,1,1,0,0,0,0,0,0],
[0,0,0,0,0,1,2,2,1,2,2,2,2,2,1,2,2,1,0,0,0,0,0,0],
[0,0,0,0,0,1,9,9,1,2,2,2,2,2,1,9,9,1,0,0,0,0,0,0],
[0,0,0,0,0,1,9,9,1,2,2,2,2,2,1,9,9,1,0,0,0,0,0,0],
[0,0,0,0,0,0,1,1,1,1,1,1,1,1,1,1,1,0,0,0,0,0,0,0],
[0,0,0,0,0,0,0,0,1,1,1,1,1,1,1,0,0,0,0,0,0,0,0,0],
[0,0,0,0,0,0,0,0,0,1,1,0,1,1,0,0,0,0,0,0,0,0,0,0],
[0,0,0,0,0,0,0,0,0,1,1,0,1,1,0,0,0,0,0,0,0,0,0,0],
[0,0,0,0,0,0,0,0,1,1,1,0,1,1,1,0,0,0,0,0,0,0,0,0],
],
},{imageData: [
/*MC BACK - WALK FRAME 1*/
[0,0,0,0,0,0,0,1,1,1,1,1,1,1,1,1,0,0,0,0,0,0,0,0],
[0,0,0,0,0,0,1,1,5,5,3,5,5,5,5,1,1,0,0,0,0,0,0,0],
[0,0,0,0,0,0,1,5,3,5,5,3,5,5,3,5,1,0,0,0,0,0,0,0],
[0,0,0,0,0,0,1,5,5,3,5,5,3,3,5,5,1,0,0,0,0,0,0,0],
[0,0,0,0,0,0,1,5,3,5,3,5,3,5,3,5,5,1,0,0,0,0,0,0],
[0,0,0,0,0,1,5,5,3,5,3,5,3,5,5,5,5,1,0,0,0,0,0,0],
[0,0,0,0,0,0,1,5,3,3,5,3,5,3,5,5,1,0,0,0,0,0,0,0],
[0,0,0,0,0,0,1,5,5,3,5,5,5,5,3,5,1,0,0,0,0,0,0,0],
[0,0,0,0,0,0,1,1,5,5,5,5,5,5,5,5,1,0,0,0,0,0,0,0],
[0,0,0,0,0,0,1,9,1,5,5,1,1,5,1,5,1,0,0,0,0,0,0,0],
[0,0,0,0,0,0,0,1,9,1,1,9,9,1,9,1,0,0,0,0,0,0,0,0],
[0,0,0,0,0,0,0,0,1,1,1,1,1,1,1,0,0,0,0,0,0,0,0,0],
[0,0,0,0,0,0,1,1,2,2,2,4,2,2,2,1,1,0,0,0,0,0,0,0],
[0,0,0,0,0,0,1,2,1,2,2,2,2,2,1,2,1,0,0,0,0,0,0,0],
[0,0,0,0,0,0,1,2,1,2,2,2,2,2,1,2,1,0,0,0,0,0,0,0],
[0,0,0,0,0,0,1,2,1,2,2,2,2,1,2,2,1,0,0,0,0,0,0,0],
[0,0,0,0,0,0,1,2,1,2,2,2,2,1,2,2,1,0,0,0,0,0,0,0],
[0,0,0,0,0,0,1,9,1,2,2,2,2,1,9,9,1,0,0,0,0,0,0,0],
[0,0,0,0,0,0,1,9,1,2,2,2,2,1,9,9,1,0,0,0,0,0,0,0],
[0,0,0,0,0,0,1,1,1,1,1,1,1,1,1,1,1,0,0,0,0,0,0,0],
[0,0,0,0,0,0,0,0,1,1,1,1,1,1,1,0,0,0,0,0,0,0,0,0],
[0,0,0,0,0,0,0,0,0,1,1,0,1,1,0,0,0,0,0,0,0,0,0,0],
[0,0,0,0,0,0,0,0,0,1,1,0,1,1,1,0,0,0,0,0,0,0,0,0],
[0,0,0,0,0,0,0,0,1,1,1,0,0,0,0,0,0,0,0,0,0,0,0,0],
],
},{imageData: [
/*MC BACK - WALK FRAME 2*/
[0,0,0,0,0,0,0,1,1,1,1,1,1,1,1,1,0,0,0,0,0,0,0,0],
[0,0,0,0,0,0,1,1,5,5,3,5,5,5,5,1,1,0,0,0,0,0,0,0],
[0,0,0,0,0,0,1,5,3,5,5,3,5,5,3,5,1,0,0,0,0,0,0,0],
[0,0,0,0,0,0,1,5,5,3,5,5,3,3,5,5,1,0,0,0,0,0,0,0],
[0,0,0,0,0,0,1,5,3,5,3,5,3,5,3,5,5,1,0,0,0,0,0,0],
[0,0,0,0,0,1,5,5,3,5,3,5,3,5,5,5,5,1,0,0,0,0,0,0],
[0,0,0,0,0,0,1,5,3,3,5,3,5,3,5,5,1,0,0,0,0,0,0,0],
[0,0,0,0,0,0,1,5,5,3,5,5,5,5,3,5,1,0,0,0,0,0,0,0],
[0,0,0,0,0,0,1,1,5,5,5,5,5,5,5,5,1,0,0,0,0,0,0,0],
[0,0,0,0,0,0,1,9,1,5,5,1,1,5,1,5,1,0,0,0,0,0,0,0],
[0,0,0,0,0,0,0,1,9,1,1,9,9,1,9,1,0,0,0,0,0,0,0,0],
[0,0,0,0,0,0,0,0,1,1,1,1,1,1,1,0,0,0,0,0,0,0,0,0],
[0,0,0,0,0,0,1,1,2,2,2,4,2,2,2,1,1,0,0,0,0,0,0,0],
[0,0,0,0,0,0,1,2,1,2,2,2,2,2,1,2,1,0,0,0,0,0,0,0],
[0,0,0,0,0,0,1,2,1,2,2,2,2,2,1,2,1,0,0,0,0,0,0,0],
[0,0,0,0,0,0,1,2,1,2,2,2,2,1,2,2,1,0,0,0,0,0,0,0],
[0,0,0,0,0,0,1,9,1,2,2,2,2,1,9,9,1,0,0,0,0,0,0,0],
[0,0,0,0,0,0,1,9,1,2,2,2,2,1,9,9,1,0,0,0,0,0,0,0],
[0,0,0,0,0,0,1,1,1,2,2,2,2,1,1,1,1,0,0,0,0,0,0,0],
[0,0,0,0,0,0,0,0,1,1,1,1,1,1,1,1,1,0,0,0,0,0,0,0],
[0,0,0,0,0,0,0,0,1,1,1,1,1,1,1,0,0,0,0,0,0,0,0,0],
[0,0,0,0,0,0,0,0,0,1,1,0,1,1,0,0,0,0,0,0,0,0,0,0],
[0,0,0,0,0,0,0,0,0,1,1,0,0,0,0,0,0,0,0,0,0,0,0,0],
[0,0,0,0,0,0,0,0,1,1,1,0,0,0,0,0,0,0,0,0,0,0,0,0],
],
},{imageData: [
/*MC BACK - WALK FRAME 3*/
[0,0,0,0,0,0,0,1,1,1,1,1,1,1,1,1,0,0,0,0,0,0,0,0],
[0,0,0,0,0,0,1,1,5,5,3,5,5,5,5,1,1,0,0,0,0,0,0,0],
[0,0,0,0,0,0,1,5,3,5,5,3,5,5,3,5,1,0,0,0,0,0,0,0],
[0,0,0,0,0,0,1,5,5,3,5,5,3,3,5,5,1,0,0,0,0,0,0,0],
[0,0,0,0,0,0,1,5,3,5,3,5,3,5,3,5,5,1,0,0,0,0,0,0],
[0,0,0,0,0,1,5,5,3,5,3,5,3,5,5,5,5,1,0,0,0,0,0,0],
[0,0,0,0,0,0,1,5,3,3,5,3,5,3,5,5,1,0,0,0,0,0,0,0],
[0,0,0,0,0,0,1,5,5,3,5,5,5,5,3,5,1,0,0,0,0,0,0,0],
[0,0,0,0,0,0,1,1,5,5,5,5,5,5,5,5,1,0,0,0,0,0,0,0],
[0,0,0,0,0,0,1,9,1,5,5,1,1,5,1,5,1,0,0,0,0,0,0,0],
[0,0,0,0,0,0,0,1,9,1,1,9,9,1,9,1,0,0,0,0,0,0,0,0],
[0,0,0,0,0,0,0,0,1,1,1,1,1,1,1,0,0,0,0,0,0,0,0,0],
[0,0,0,0,0,0,1,1,2,2,2,4,2,2,2,1,1,0,0,0,0,0,0,0],
[0,0,0,0,0,0,1,2,1,2,2,2,2,2,1,2,1,0,0,0,0,0,0,0],
[0,0,0,0,0,0,1,2,1,2,2,2,2,2,1,2,1,0,0,0,0,0,0,0],
[0,0,0,0,0,0,1,2,2,1,2,2,2,2,1,2,1,0,0,0,0,0,0,0],
[0,0,0,0,0,0,1,2,2,1,2,2,2,2,1,9,1,0,0,0,0,0,0,0],
[0,0,0,0,0,0,1,9,1,1,2,2,2,2,1,9,1,0,0,0,0,0,0,0],
[0,0,0,0,0,0,1,9,9,1,2,2,2,2,1,1,1,0,0,0,0,0,0,0],
[0,0,0,0,0,0,0,1,1,1,1,1,1,1,1,1,0,0,0,0,0,0,0,0],
[0,0,0,0,0,0,0,0,1,1,1,1,1,1,1,0,0,0,0,0,0,0,0,0],
[0,0,0,0,0,0,0,0,0,1,1,0,1,1,0,0,0,0,0,0,0,0,0,0],
[0,0,0,0,0,0,0,0,1,1,1,0,1,1,0,0,0,0,0,0,0,0,0,0],
[0,0,0,0,0,0,0,0,0,0,0,0,1,1,1,0,0,0,0,0,0,0,0,0],
],
},{imageData: [
/*MC BACK - WALK FRAME 4*/
[0,0,0,0,0,0,0,1,1,1,1,1,1,1,1,1,0,0,0,0,0,0,0,0],
[0,0,0,0,0,0,1,1,5,5,3,5,5,5,5,1,1,0,0,0,0,0,0,0],
[0,0,0,0,0,0,1,5,3,5,5,3,5,5,3,5,1,0,0,0,0,0,0,0],
[0,0,0,0,0,0,1,5,5,3,5,5,3,3,5,5,1,0,0,0,0,0,0,0],
[0,0,0,0,0,0,1,5,3,5,3,5,3,5,3,5,5,1,0,0,0,0,0,0],
[0,0,0,0,0,1,5,5,3,5,3,5,3,5,5,5,5,1,0,0,0,0,0,0],
[0,0,0,0,0,0,1,5,3,3,5,3,5,3,5,5,1,0,0,0,0,0,0,0],
[0,0,0,0,0,0,1,5,5,3,5,5,5,5,3,5,1,0,0,0,0,0,0,0],
[0,0,0,0,0,0,1,1,5,5,5,5,5,5,5,5,1,0,0,0,0,0,0,0],
[0,0,0,0,0,0,1,9,1,5,5,1,1,5,1,5,1,0,0,0,0,0,0,0],
[0,0,0,0,0,0,0,1,9,1,1,9,9,1,9,1,0,0,0,0,0,0,0,0],
[0,0,0,0,0,0,0,0,1,1,1,1,1,1,1,0,0,0,0,0,0,0,0,0],
[0,0,0,0,0,0,1,1,2,2,2,4,2,2,2,1,1,0,0,0,0,0,0,0],
[0,0,0,0,0,0,1,2,1,2,2,2,2,2,1,2,1,0,0,0,0,0,0,0],
[0,0,0,0,0,0,1,2,1,2,2,2,2,2,1,2,1,0,0,0,0,0,0,0],
[0,0,0,0,0,0,1,2,2,1,2,2,2,2,1,1,9,1,0,0,0,0,0,0],
[0,0,0,0,0,0,1,9,1,1,2,2,2,2,1,1,9,1,0,0,0,0,0,0],
[0,0,0,0,0,0,1,9,1,1,2,2,2,2,1,1,1,1,0,0,0,0,0,0],
[0,0,0,0,0,0,1,1,1,1,2,2,2,2,1,0,0,0,0,0,0,0,0,0],
[0,0,0,0,0,0,1,1,1,1,1,1,1,1,1,0,0,0,0,0,0,0,0,0],
[0,0,0,0,0,0,0,0,1,1,1,1,1,1,1,0,0,0,0,0,0,0,0,0],
[0,0,0,0,0,0,0,0,0,1,1,0,1,1,0,0,0,0,0,0,0,0,0,0],
[0,0,0,0,0,0,0,0,0,1,1,0,1,1,0,0,0,0,0,0,0,0,0,0],
[0,0,0,0,0,0,0,0,0,0,0,0,1,1,1,0,0,0,0,0,0,0,0,0],
],
},{imageData: [
/*MC BACK - WALK FRAME 5*/
[0,0,0,0,0,0,0,1,1,1,1,1,1,1,1,1,0,0,0,0,0,0,0,0],
[0,0,0,0,0,0,1,1,5,5,3,5,5,5,5,1,1,0,0,0,0,0,0,0],
[0,0,0,0,0,0,1,5,3,5,5,3,5,5,3,5,1,0,0,0,0,0,0,0],
[0,0,0,0,0,0,1,5,5,3,5,5,3,3,5,5,1,0,0,0,0,0,0,0],
[0,0,0,0,0,0,1,5,3,5,3,5,3,5,3,5,5,1,0,0,0,0,0,0],
[0,0,0,0,0,1,5,5,3,5,3,5,3,5,5,5,5,1,0,0,0,0,0,0],
[0,0,0,0,0,0,1,5,3,3,5,3,5,3,5,5,1,0,0,0,0,0,0,0],
[0,0,0,0,0,0,1,5,5,3,5,5,5,5,3,5,1,0,0,0,0,0,0,0],
[0,0,0,0,0,0,1,1,5,5,5,5,5,5,5,5,1,0,0,0,0,0,0,0],
[0,0,0,0,0,0,1,9,1,5,5,1,1,5,1,5,1,0,0,0,0,0,0,0],
[0,0,0,0,0,0,0,1,9,1,1,9,9,1,9,1,0,0,0,0,0,0,0,0],
[0,0,0,0,0,0,0,0,1,1,1,1,1,1,1,0,0,0,0,0,0,0,0,0],
[0,0,0,0,0,0,1,1,2,2,2,4,2,2,2,1,1,0,0,0,0,0,0,0],
[0,0,0,0,0,0,1,2,1,2,2,2,2,2,1,2,1,0,0,0,0,0,0,0],
[0,0,0,0,0,0,1,2,1,2,2,2,2,2,1,2,1,0,0,0,0,0,0,0],
[0,0,0,0,0,1,1,2,1,2,2,2,2,2,1,2,1,1,0,0,0,0,0,0],
[0,0,0,0,0,1,2,2,1,2,2,2,2,2,1,2,2,1,0,0,0,0,0,0],
[0,0,0,0,0,1,9,1,1,2,2,2,2,2,1,1,9,1,0,0,0,0,0,0],
[0,0,0,0,0,1,9,1,1,2,2,2,2,2,1,1,9,1,0,0,0,0,0,0],
[0,0,0,0,0,0,1,1,1,1,1,1,1,1,1,1,1,0,0,0,0,0,0,0],
[0,0,0,0,0,0,0,0,1,1,1,1,1,1,1,0,0,0,0,0,0,0,0,0],
[0,0,0,0,0,0,0,0,0,1,1,0,1,1,0,0,0,0,0,0,0,0,0,0],
[0,0,0,0,0,0,0,0,0,0,0,0,1,1,0,0,0,0,0,0,0,0,0,0],
[0,0,0,0,0,0,0,0,0,0,0,0,1,1,1,0,0,0,0,0,0,0,0,0],
],
},{imageData: [
/*MC BACK - ATTACK FRAME 1*/
[0,0,0,0,0,0,0,1,1,1,1,1,1,1,1,1,0,0,0,0,0,0,0,0],
[0,0,0,0,0,0,1,1,5,5,3,5,5,5,5,1,1,0,0,0,0,0,0,0],
[0,0,0,0,0,0,1,5,3,5,5,3,5,5,3,5,1,0,0,0,0,0,0,0],
[0,0,0,0,0,0,1,5,5,3,5,5,3,3,5,5,1,0,0,0,0,0,0,0],
[0,0,0,0,0,0,1,5,3,5,3,5,3,5,3,5,5,1,0,0,0,0,0,0],
[0,0,0,0,0,1,5,5,3,5,3,5,3,5,5,5,5,1,0,0,0,0,0,0],
[0,0,0,0,0,0,1,5,3,3,5,3,5,3,5,5,1,0,0,0,0,0,0,0],
[0,0,0,0,0,0,1,5,5,3,5,5,5,5,3,5,1,0,0,0,0,0,0,0],
[0,0,0,0,0,0,1,1,5,5,5,5,5,5,5,5,1,0,0,0,0,0,0,0],
[0,0,0,0,0,0,1,9,1,5,5,1,1,5,1,5,1,0,0,0,0,0,0,0],
[0,0,0,0,0,0,0,1,9,1,1,9,9,1,9,1,0,0,0,0,0,0,0,0],
[0,0,0,0,0,0,0,0,1,1,1,1,1,1,1,0,0,0,0,0,0,0,0,0],
[0,0,0,0,0,0,1,1,2,2,2,4,2,2,2,1,1,0,0,0,0,0,0,0],
[0,0,0,0,0,0,1,2,1,2,2,2,2,2,1,2,1,0,0,0,0,0,0,0],
[0,0,0,0,0,0,1,2,1,2,2,2,2,2,1,2,1,0,0,0,0,0,0,0],
[0,0,0,0,0,1,1,2,1,2,2,2,2,2,1,2,1,1,0,0,0,0,0,0],
[0,0,0,0,1,9,9,2,1,2,2,2,2,2,1,2,2,1,0,0,0,0,0,0],
[0,0,0,0,1,9,9,2,1,2,2,2,2,2,1,9,9,1,0,0,0,0,0,0],
[0,0,0,0,0,1,1,1,1,2,2,2,2,2,1,9,9,1,0,0,0,0,0,0],
[0,0,0,0,0,0,0,0,1,1,1,1,1,1,1,1,1,0,0,0,0,0,0,0],
[0,0,0,0,0,0,0,0,1,1,1,1,1,1,1,0,0,0,0,0,0,0,0,0],
[0,0,0,0,0,0,0,0,0,1,1,0,1,1,0,0,0,0,0,0,0,0,0,0],
[0,0,0,0,0,0,0,0,0,1,1,0,1,1,0,0,0,0,0,0,0,0,0,0],
[0,0,0,0,0,0,0,0,1,1,1,0,1,1,1,0,0,0,0,0,0,0,0,0],
], 
},{imageData: [
/*MC BACK - ATTACK FRAME 2*/
[0,0,0,0,0,0,0,1,1,1,1,1,1,1,1,1,0,0,0,0,0,0,0,0],
[0,0,0,0,0,0,1,1,5,5,3,5,5,5,5,1,1,0,0,0,0,0,0,0],
[0,0,0,0,0,0,1,5,3,5,5,3,5,5,3,5,1,0,0,0,0,0,0,0],
[0,0,0,0,0,0,1,5,5,3,5,5,3,3,5,5,1,0,0,0,0,0,0,0],
[0,0,0,0,0,0,1,5,3,5,3,5,3,5,3,5,5,1,0,0,0,0,0,0],
[0,0,0,0,0,1,5,5,3,5,3,5,3,5,5,5,5,1,0,0,0,0,0,0],
[0,0,0,0,0,0,1,5,3,3,5,3,5,3,5,5,1,0,0,0,0,0,0,0],
[0,0,0,0,0,0,1,5,5,3,5,5,5,5,3,5,1,0,0,0,0,0,0,0],
[0,0,0,0,0,0,1,1,5,5,5,5,5,5,5,5,1,0,0,0,0,0,0,0],
[0,0,0,0,0,0,1,9,1,5,5,1,1,5,1,5,1,0,0,0,0,0,0,0],
[0,0,0,0,0,0,0,1,9,1,1,9,9,1,9,1,0,0,0,0,0,0,0,0],
[0,0,0,0,0,0,0,0,1,1,1,1,1,1,1,0,0,0,0,0,0,0,0,0],
[0,0,0,0,0,0,1,1,2,2,2,4,2,2,2,1,1,0,0,0,0,0,0,0],
[0,0,0,0,0,0,1,2,1,2,2,2,2,2,1,2,1,0,0,0,0,0,0,0],
[0,0,0,0,1,1,1,2,1,2,2,2,2,2,1,2,1,0,0,0,0,0,0,0],
[0,0,0,1,9,9,1,2,1,2,2,2,2,2,1,2,1,1,0,0,0,0,0,0],
[0,0,0,1,9,9,2,2,1,2,2,2,2,2,1,2,2,1,0,0,0,0,0,0],
[0,0,0,0,1,1,2,2,1,2,2,2,2,2,1,9,9,1,0,0,0,0,0,0],
[0,0,0,0,0,1,1,1,1,2,2,2,2,2,1,9,9,1,0,0,0,0,0,0],
[0,0,0,0,0,0,0,0,1,1,1,1,1,1,1,1,1,0,0,0,0,0,0,0],
[0,0,0,0,0,0,0,0,1,1,1,1,1,1,1,0,0,0,0,0,0,0,0,0],
[0,0,0,0,0,0,0,0,0,1,1,0,1,1,0,0,0,0,0,0,0,0,0,0],
[0,0,0,0,0,0,0,0,0,1,1,0,1,1,0,0,0,0,0,0,0,0,0,0],
[0,0,0,0,0,0,0,0,1,1,1,0,1,1,1,0,0,0,0,0,0,0,0,0],
], 
},{imageData: [
/*MC BACK - ATTACK FRAME 3*/
[0,0,0,0,0,0,0,1,1,1,1,1,1,1,1,1,0,0,0,0,0,0,0,0],
[0,0,0,0,0,0,1,1,5,5,3,5,5,5,5,1,1,0,0,0,0,0,0,0],
[0,0,0,0,0,0,1,5,3,5,5,3,5,5,3,5,1,0,0,0,0,0,0,0],
[0,0,0,0,0,0,1,5,5,3,5,5,3,3,5,5,1,0,0,0,0,0,0,0],
[0,0,0,0,0,0,1,5,3,5,3,5,3,5,3,5,5,1,0,0,0,0,0,0],
[0,0,0,0,0,1,5,5,3,5,3,5,3,5,5,5,5,1,0,0,0,0,0,0],
[0,0,0,0,0,0,1,5,3,3,5,3,5,3,5,5,1,0,0,0,0,0,0,0],
[0,0,0,0,0,0,1,5,5,3,5,5,5,5,3,5,1,0,0,0,0,0,0,0],
[0,0,0,0,0,0,1,1,5,5,5,5,5,5,5,5,1,0,0,0,0,0,0,0],
[0,0,0,0,0,0,1,9,1,5,5,1,1,5,1,5,1,0,0,0,0,0,0,0],
[0,0,0,0,0,0,0,1,9,1,1,9,9,1,9,1,0,0,0,0,0,0,0,0],
[0,0,0,0,0,0,0,0,1,1,1,1,1,1,1,0,0,0,0,0,0,0,0,0],
[0,0,0,0,0,0,1,1,2,2,2,4,2,2,2,1,1,0,0,0,0,0,0,0],
[0,0,0,1,1,0,1,2,1,2,2,2,2,2,1,2,1,0,0,0,0,0,0,0],
[0,0,1,9,9,1,1,2,1,2,2,2,2,2,1,2,1,0,0,0,0,0,0,0],
[0,0,1,9,9,2,2,2,1,2,2,2,2,2,1,2,1,1,0,0,0,0,0,0],
[0,0,0,1,1,1,1,1,1,2,2,2,2,2,1,2,2,1,0,0,0,0,0,0],
[0,0,0,0,0,0,0,0,1,2,2,2,2,2,1,9,9,1,0,0,0,0,0,0],
[0,0,0,0,0,0,0,0,1,2,2,2,2,2,1,9,9,1,0,0,0,0,0,0],
[0,0,0,0,0,0,0,0,1,1,1,1,1,1,1,1,1,0,0,0,0,0,0,0],
[0,0,0,0,0,0,0,0,1,1,1,1,1,1,1,0,0,0,0,0,0,0,0,0],
[0,0,0,0,0,0,0,0,0,1,1,0,1,1,0,0,0,0,0,0,0,0,0,0],
[0,0,0,0,0,0,0,0,0,1,1,0,1,1,0,0,0,0,0,0,0,0,0,0],
[0,0,0,0,0,0,0,0,1,1,1,0,1,1,1,0,0,0,0,0,0,0,0,0],
], 
},{imageData: [
/*MC BACK - ATTACK FRAME 4*/
[0,0,0,0,0,0,0,1,1,1,1,1,1,1,1,1,0,0,0,0,0,0,0,0],
[0,0,0,0,0,0,1,1,5,5,3,5,5,5,5,1,1,0,0,0,0,0,0,0],
[0,0,0,0,0,0,1,5,3,5,5,3,5,5,3,5,1,0,0,0,0,0,0,0],
[0,0,0,0,0,0,1,5,5,3,5,5,3,3,5,5,1,0,0,0,0,0,0,0],
[0,0,0,0,0,0,1,5,3,5,3,5,3,5,3,5,5,1,0,0,0,0,0,0],
[0,0,0,0,0,1,5,5,3,5,3,5,3,5,5,5,5,1,0,0,0,0,0,0],
[0,0,0,0,0,0,1,5,3,3,5,3,5,3,5,5,1,0,0,0,0,0,0,0],
[0,0,0,0,0,0,1,5,5,3,5,5,5,5,3,5,1,0,0,0,0,0,0,0],
[0,0,0,0,0,0,1,1,5,5,5,5,5,5,5,5,1,0,0,0,0,0,0,0],
[0,0,0,0,0,0,1,9,1,5,5,1,1,5,1,5,1,0,0,0,0,0,0,0],
[0,0,0,0,0,0,0,1,9,1,1,9,9,1,9,1,0,0,0,0,0,0,0,0],
[0,0,0,0,0,0,0,0,1,1,1,1,1,1,1,0,0,0,0,0,0,0,0,0],
[0,0,0,0,0,0,0,1,2,2,2,4,2,2,2,1,1,0,0,0,0,0,0,0],
[0,0,0,0,0,0,1,2,1,2,2,2,2,2,1,2,1,0,0,0,0,0,0,0],
[0,0,0,0,0,0,1,2,1,2,2,2,2,2,1,2,1,0,0,0,0,0,0,0],
[0,0,0,0,0,0,1,2,1,2,2,2,2,2,1,2,1,1,0,0,0,0,0,0],
[0,0,0,0,0,1,9,1,1,2,2,2,2,2,1,2,2,1,0,0,0,0,0,0],
[0,0,0,0,0,1,1,9,1,2,2,2,2,2,1,9,9,1,0,0,0,0,0,0],
[0,0,0,0,0,0,0,1,1,2,2,2,2,2,1,9,9,1,0,0,0,0,0,0],
[0,0,0,0,0,0,0,0,1,1,1,1,1,1,1,1,1,0,0,0,0,0,0,0],
[0,0,0,0,0,0,0,0,1,1,1,1,1,1,1,0,0,0,0,0,0,0,0,0],
[0,0,0,0,0,0,0,0,0,1,1,0,1,1,0,0,0,0,0,0,0,0,0,0],
[0,0,0,0,0,0,0,0,0,1,1,0,1,1,0,0,0,0,0,0,0,0,0,0],
[0,0,0,0,0,0,0,0,1,1,1,0,1,1,1,0,0,0,0,0,0,0,0,0],
], 
},{imageData: [
/*MC BACK - ATTACK FRAME 5*/
[0,0,0,0,0,0,0,1,1,1,1,1,1,1,1,1,0,0,0,0,0,0,0,0],
[0,0,0,0,0,0,1,1,5,5,3,5,5,5,5,1,1,0,0,0,0,0,0,0],
[0,0,0,0,0,0,1,5,3,5,5,3,5,5,3,5,1,0,0,0,0,0,0,0],
[0,0,0,0,0,0,1,5,5,3,5,5,3,3,5,5,1,0,0,0,0,0,0,0],
[0,0,0,0,0,0,1,5,3,5,3,5,3,5,3,5,5,1,0,0,0,0,0,0],
[0,0,0,0,0,1,5,5,3,5,3,5,3,5,5,5,5,1,0,0,0,0,0,0],
[0,0,0,0,0,0,1,5,3,3,5,3,5,3,5,5,1,0,0,0,0,0,0,0],
[0,0,0,0,0,0,1,5,5,3,5,5,5,5,3,5,1,0,0,0,0,0,0,0],
[0,0,0,0,0,0,1,1,5,5,5,5,5,5,5,5,1,0,0,0,0,0,0,0],
[0,0,0,0,0,0,1,9,1,5,5,1,1,5,1,5,1,0,0,0,0,0,0,0],
[0,0,0,0,0,0,0,1,9,1,1,9,9,1,9,1,0,0,0,0,0,0,0,0],
[0,0,0,0,0,0,0,0,1,1,1,1,1,1,1,0,0,0,0,0,0,0,0,0],
[0,0,0,0,0,0,0,1,2,2,2,4,2,2,2,1,1,0,0,0,0,0,0,0],
[0,0,0,0,0,0,1,2,1,2,2,2,2,2,1,2,1,0,0,0,0,0,0,0],
[0,0,0,0,0,0,1,2,1,2,2,2,2,2,1,2,1,0,0,0,0,0,0,0],
[0,0,0,0,0,0,1,2,1,2,2,2,2,2,1,2,1,1,0,0,0,0,0,0],
[0,0,0,0,0,1,2,2,1,2,2,2,2,2,1,2,2,1,0,0,0,0,0,0],
[0,0,0,0,0,0,1,9,1,2,2,2,2,2,1,9,9,1,0,0,0,0,0,0],
[0,0,0,0,0,0,0,1,1,2,2,2,2,2,1,9,9,1,0,0,0,0,0,0],
[0,0,0,0,0,0,0,0,1,1,1,1,1,1,1,1,1,0,0,0,0,0,0,0],
[0,0,0,0,0,0,0,0,1,1,1,1,1,1,1,0,0,0,0,0,0,0,0,0],
[0,0,0,0,0,0,0,0,0,1,1,0,1,1,0,0,0,0,0,0,0,0,0,0],
[0,0,0,0,0,0,0,0,0,1,1,0,1,1,0,0,0,0,0,0,0,0,0,0],
[0,0,0,0,0,0,0,0,1,1,1,0,1,1,1,0,0,0,0,0,0,0,0,0],
], 
},
   ///* GHOST ANIMATIONS (add in ghost pixels) *///
{imageData: [
/*GHOST FRONT - STILL*/
[0,0,0,0,0,0,0,1,1,1,1,1,1,1,1,1,0,0,0,0,0,0,0,0],
[0,0,0,0,0,0,1,1,5,3,5,3,5,5,3,1,1,0,0,0,0,0,0,0],
[0,0,0,0,0,0,1,5,3,5,5,5,3,5,5,3,1,0,0,0,0,0,0,0],
[0,0,0,0,0,0,1,3,5,5,5,1,1,3,5,3,1,0,0,0,0,0,0,0],
[0,0,0,0,0,1,5,5,3,5,9,9,9,5,5,5,1,0,0,0,0,0,0,0],
[0,0,0,0,0,1,5,5,1,5,1,9,1,6,1,5,5,1,0,0,0,0,0,0],
[0,0,0,0,0,0,1,1,9,6,1,9,1,6,9,1,1,0,0,0,0,0,0,0],
[0,0,0,0,0,0,0,1,9,9,9,9,9,9,9,1,0,0,0,0,0,0,0,0],
[0,0,0,0,0,0,0,1,9,9,9,9,9,9,9,1,0,0,0,0,0,0,0,0],
[0,0,0,0,0,0,0,1,9,7,7,7,7,7,9,1,0,0,0,0,0,0,0,0],
[0,0,0,0,0,0,0,0,1,9,9,9,9,9,1,0,0,0,0,0,0,0,0,0],
[0,0,0,0,0,0,0,0,1,1,1,1,1,1,1,0,0,0,0,0,0,0,0,0],
[0,0,0,0,0,0,1,1,2,2,2,4,2,2,2,1,1,0,0,0,0,0,0,0],
[0,0,0,0,0,0,1,2,2,2,2,4,2,2,2,2,1,0,0,0,0,0,0,0],
[0,0,0,0,0,0,1,2,1,2,4,2,4,2,1,2,1,0,0,0,0,0,0,0],
[0,0,0,0,0,1,1,2,1,2,4,2,4,2,1,2,1,1,0,0,0,0,0,0],
[0,0,0,0,0,1,2,2,1,2,4,2,4,2,1,2,2,1,0,0,0,0,0,0],
[0,0,0,0,0,1,9,9,1,2,4,2,4,2,1,9,9,1,0,0,0,0,0,0],
[0,0,0,0,0,1,9,9,1,2,2,2,2,2,1,9,9,1,0,0,0,0,0,0],
[0,0,0,0,0,0,1,1,1,1,1,1,1,1,1,1,1,0,0,0,0,0,0,0],
[0,0,0,0,0,0,0,0,1,1,1,1,1,1,1,0,0,0,0,0,0,0,0,0],
[0,0,0,0,0,0,0,0,0,1,1,0,1,1,0,0,0,0,0,0,0,0,0,0],
[0,0,0,0,0,0,0,0,0,1,1,0,1,1,0,0,0,0,0,0,0,0,0,0],
[0,0,0,0,0,0,0,0,1,1,1,0,1,1,1,0,0,0,0,0,0,0,0,0],
], 
},{imageData: [
/*GHOST FRONT - WALK FRAME 1*/
[0,0,0,0,0,0,0,1,1,1,1,1,1,1,1,1,0,0,0,0,0,0,0,0],
[0,0,0,0,0,0,1,1,5,3,5,3,5,5,3,1,1,0,0,0,0,0,0,0],
[0,0,0,0,0,0,1,5,3,5,5,5,3,5,5,3,1,0,0,0,0,0,0,0],
[0,0,0,0,0,0,1,3,5,5,5,1,1,3,5,3,1,0,0,0,0,0,0,0],
[0,0,0,0,0,1,5,5,3,5,9,9,9,5,5,5,1,0,0,0,0,0,0,0],
[0,0,0,0,0,1,5,5,1,5,1,9,1,6,1,5,5,1,0,0,0,0,0,0],
[0,0,0,0,0,0,1,1,9,6,1,9,1,6,9,1,1,0,0,0,0,0,0,0],
[0,0,0,0,0,0,0,1,9,9,9,9,9,9,9,1,0,0,0,0,0,0,0,0],
[0,0,0,0,0,0,0,1,9,9,9,9,9,9,9,1,0,0,0,0,0,0,0,0],
[0,0,0,0,0,0,0,1,9,7,7,7,7,7,9,1,0,0,0,0,0,0,0,0],
[0,0,0,0,0,0,0,0,1,9,9,9,9,9,1,0,0,0,0,0,0,0,0,0],
[0,0,0,0,0,0,0,0,1,1,1,1,1,1,1,0,0,0,0,0,0,0,0,0],
[0,0,0,0,0,0,1,1,2,2,2,4,2,2,2,1,1,0,0,0,0,0,0,0],
[0,0,0,0,0,0,1,2,2,2,2,4,2,2,2,2,1,0,0,0,0,0,0,0],
[0,0,0,0,0,0,1,2,1,2,4,2,4,2,1,2,1,0,0,0,0,0,0,0],
[0,0,0,0,0,0,1,2,1,2,4,2,4,2,1,2,1,0,0,0,0,0,0,0],
[0,0,0,0,0,0,1,2,1,2,4,2,4,2,1,2,1,0,0,0,0,0,0,0],
[0,0,0,0,0,0,1,9,9,2,4,2,4,2,1,9,1,0,0,0,0,0,0,0],
[0,0,0,0,0,0,1,9,9,2,2,2,2,2,1,9,1,0,0,0,0,0,0,0],
[0,0,0,0,0,0,0,1,1,1,1,1,1,1,1,1,1,0,0,0,0,0,0,0],
[0,0,0,0,0,0,0,0,1,1,1,1,1,1,1,0,0,0,0,0,0,0,0,0],
[0,0,0,0,0,0,0,0,0,1,1,0,1,1,0,0,0,0,0,0,0,0,0,0],
[0,0,0,0,0,0,0,0,1,1,1,0,1,1,0,0,0,0,0,0,0,0,0,0],
[0,0,0,0,0,0,0,0,0,0,0,0,1,1,1,0,0,0,0,0,0,0,0,0],
], 
},{imageData: [
/*GHOST FRONT - WALK FRAME 2*/
[0,0,0,0,0,0,0,1,1,1,1,1,1,1,1,1,0,0,0,0,0,0,0,0],
[0,0,0,0,0,0,1,1,5,3,5,3,5,5,3,1,1,0,0,0,0,0,0,0],
[0,0,0,0,0,0,1,5,3,5,5,5,3,5,5,3,1,0,0,0,0,0,0,0],
[0,0,0,0,0,0,1,3,5,5,5,1,1,3,5,3,1,0,0,0,0,0,0,0],
[0,0,0,0,0,1,5,5,3,5,9,9,9,5,5,5,1,0,0,0,0,0,0,0],
[0,0,0,0,0,1,5,5,1,5,1,9,1,6,1,5,5,1,0,0,0,0,0,0],
[0,0,0,0,0,0,1,1,9,6,1,9,1,6,9,1,1,0,0,0,0,0,0,0],
[0,0,0,0,0,0,0,1,9,9,9,9,9,9,9,1,0,0,0,0,0,0,0,0],
[0,0,0,0,0,0,0,1,9,9,9,9,9,9,9,1,0,0,0,0,0,0,0,0],
[0,0,0,0,0,0,0,1,9,7,7,7,7,7,9,1,0,0,0,0,0,0,0,0],
[0,0,0,0,0,0,0,0,1,9,9,9,9,9,1,0,0,0,0,0,0,0,0,0],
[0,0,0,0,0,0,0,0,1,1,1,1,1,1,1,0,0,0,0,0,0,0,0,0],
[0,0,0,0,0,0,1,1,2,2,2,4,2,2,2,1,1,0,0,0,0,0,0,0],
[0,0,0,0,0,0,1,2,2,2,2,4,2,2,2,2,1,0,0,0,0,0,0,0],
[0,0,0,0,0,0,1,2,1,2,4,2,4,2,1,2,1,0,0,0,0,0,0,0],
[0,0,0,0,0,0,1,2,1,2,4,2,4,2,1,2,1,0,0,0,0,0,0,0],
[0,0,0,0,0,0,1,2,9,9,4,2,4,2,1,2,1,0,0,0,0,0,0,0],
[0,0,0,0,0,0,1,2,9,9,4,2,4,2,1,9,1,0,0,0,0,0,0,0],
[0,0,0,0,0,0,1,1,2,2,2,2,2,2,1,9,1,0,0,0,0,0,0,0],
[0,0,0,0,0,0,0,1,1,1,1,1,1,1,1,1,1,0,0,0,0,0,0,0],
[0,0,0,0,0,0,0,0,1,1,1,1,1,1,1,0,0,0,0,0,0,0,0,0],
[0,0,0,0,0,0,0,0,0,1,1,0,1,1,0,0,0,0,0,0,0,0,0,0],
[0,0,0,0,0,0,0,0,0,0,0,0,1,1,0,0,0,0,0,0,0,0,0,0],
[0,0,0,0,0,0,0,0,0,0,0,0,1,1,1,0,0,0,0,0,0,0,0,0],
], 
},{imageData: [
/*GHOST FRONT - WALK FRAME 3*/
[0,0,0,0,0,0,0,1,1,1,1,1,1,1,1,1,0,0,0,0,0,0,0,0],
[0,0,0,0,0,0,1,1,5,3,5,3,5,5,3,1,1,0,0,0,0,0,0,0],
[0,0,0,0,0,0,1,5,3,5,5,5,3,5,5,3,1,0,0,0,0,0,0,0],
[0,0,0,0,0,0,1,3,5,5,5,1,1,3,5,3,1,0,0,0,0,0,0,0],
[0,0,0,0,0,1,5,5,3,5,9,9,9,5,5,5,1,0,0,0,0,0,0,0],
[0,0,0,0,0,1,5,5,1,5,1,9,1,6,1,5,5,1,0,0,0,0,0,0],
[0,0,0,0,0,0,1,1,9,6,1,9,1,6,9,1,1,0,0,0,0,0,0,0],
[0,0,0,0,0,0,0,1,9,9,9,9,9,9,9,1,0,0,0,0,0,0,0,0],
[0,0,0,0,0,0,0,1,9,9,9,9,9,9,9,1,0,0,0,0,0,0,0,0],
[0,0,0,0,0,0,0,1,9,7,7,7,7,7,9,1,0,0,0,0,0,0,0,0],
[0,0,0,0,0,0,0,0,1,9,9,9,9,9,1,0,0,0,0,0,0,0,0,0],
[0,0,0,0,0,0,0,0,1,1,1,1,1,1,1,0,0,0,0,0,0,0,0,0],
[0,0,0,0,0,0,1,1,2,2,2,4,2,2,2,1,1,0,0,0,0,0,0,0],
[0,0,0,0,0,0,1,2,2,2,2,4,2,2,2,2,1,0,0,0,0,0,0,0],
[0,0,0,0,0,0,1,2,1,2,4,2,4,2,1,2,1,0,0,0,0,0,0,0],
[0,0,0,0,0,0,1,2,1,2,4,2,4,2,1,2,1,0,0,0,0,0,0,0],
[0,0,0,0,0,0,1,2,1,2,4,2,4,2,1,2,1,0,0,0,0,0,0,0],
[0,0,0,0,0,0,1,9,9,2,4,2,4,2,1,9,1,0,0,0,0,0,0,0],
[0,0,0,0,0,0,1,9,9,2,2,2,2,2,1,9,1,0,0,0,0,0,0,0],
[0,0,0,0,0,0,0,1,1,1,1,1,1,1,1,1,1,0,0,0,0,0,0,0],
[0,0,0,0,0,0,0,0,1,1,1,1,1,1,1,0,0,0,0,0,0,0,0,0],
[0,0,0,0,0,0,0,0,0,1,1,0,1,1,0,0,0,0,0,0,0,0,0,0],
[0,0,0,0,0,0,0,0,1,1,1,0,1,1,0,0,0,0,0,0,0,0,0,0],
[0,0,0,0,0,0,0,0,0,0,0,0,1,1,1,0,0,0,0,0,0,0,0,0],
], 
},
{imageData: [
/*GHOST FRONT - WALK FRAME 4*/
[0,0,0,0,0,0,0,1,1,1,1,1,1,1,1,1,0,0,0,0,0,0,0,0],
[0,0,0,0,0,0,1,1,5,3,5,3,5,5,3,1,1,0,0,0,0,0,0,0],
[0,0,0,0,0,0,1,5,3,5,5,5,3,5,5,3,1,0,0,0,0,0,0,0],
[0,0,0,0,0,0,1,3,5,5,5,1,1,3,5,3,1,0,0,0,0,0,0,0],
[0,0,0,0,0,1,5,5,3,5,9,9,9,5,5,5,1,0,0,0,0,0,0,0],
[0,0,0,0,0,1,5,5,1,5,1,9,1,6,1,5,5,1,0,0,0,0,0,0],
[0,0,0,0,0,0,1,1,9,6,1,9,1,6,9,1,0,0,0,0,0,0,0,0],
[0,0,0,0,0,0,0,1,9,9,9,9,9,9,9,1,0,0,0,0,0,0,0,0],
[0,0,0,0,0,0,0,1,9,9,9,9,9,9,9,1,0,0,0,0,0,0,0,0],
[0,0,0,0,0,0,0,1,9,7,7,7,7,7,9,1,0,0,0,0,0,0,0,0],
[0,0,0,0,0,0,0,0,1,9,9,9,9,9,1,0,0,0,0,0,0,0,0,0],
[0,0,0,0,0,0,0,0,1,1,1,1,1,1,1,0,0,0,0,0,0,0,0,0],
[0,0,0,0,0,0,1,1,2,2,2,4,2,2,2,1,1,0,0,0,0,0,0,0],
[0,0,0,0,0,0,1,2,2,2,2,4,2,2,2,2,1,0,0,0,0,0,0,0],
[0,0,0,0,0,0,1,2,1,2,4,2,4,2,1,2,1,0,0,0,0,0,0,0],
[0,0,0,0,0,0,1,2,1,2,4,2,4,2,1,2,1,1,0,0,0,0,0,0],
[0,0,0,0,0,0,1,2,1,2,4,2,4,2,1,2,2,1,0,0,0,0,0,0],
[0,0,0,0,0,0,1,9,9,2,4,2,4,2,1,9,9,1,0,0,0,0,0,0],
[0,0,0,0,0,0,1,9,9,2,2,2,2,2,1,9,9,1,0,0,0,0,0,0],
[0,0,0,0,0,0,1,1,1,1,1,1,1,1,1,1,1,0,0,0,0,0,0,0],
[0,0,0,0,0,0,0,0,1,1,1,1,1,1,1,0,0,0,0,0,0,0,0,0],
[0,0,0,0,0,0,0,0,0,1,1,0,1,1,0,0,0,0,0,0,0,0,0,0],
[0,0,0,0,0,0,0,0,1,1,1,0,1,1,0,0,0,0,0,0,0,0,0,0],
[0,0,0,0,0,0,0,0,0,0,0,0,1,1,1,0,0,0,0,0,0,0,0,0],
], 
},{imageData: [
/*GHOST FRONT - WALK FRAME 5*/
[0,0,0,0,0,0,0,1,1,1,1,1,1,1,1,1,0,0,0,0,0,0,0,0],
[0,0,0,0,0,0,1,1,5,3,5,3,5,5,3,1,1,0,0,0,0,0,0,0],
[0,0,0,0,0,0,1,5,3,5,5,5,3,5,5,3,1,0,0,0,0,0,0,0],
[0,0,0,0,0,0,1,3,5,5,5,1,1,3,5,3,1,0,0,0,0,0,0,0],
[0,0,0,0,0,1,5,5,3,5,9,9,9,5,5,5,1,0,0,0,0,0,0,0],
[0,0,0,0,0,1,5,5,1,5,1,9,1,6,1,5,5,1,0,0,0,0,0,0],
[0,0,0,0,0,0,1,1,9,6,1,9,1,6,9,1,1,0,0,0,0,0,0,0],
[0,0,0,0,0,0,0,1,9,9,9,9,9,9,9,1,0,0,0,0,0,0,0,0],
[0,0,0,0,0,0,0,1,9,9,9,9,9,9,9,1,0,0,0,0,0,0,0,0],
[0,0,0,0,0,0,0,1,9,7,7,7,7,7,9,1,0,0,0,0,0,0,0,0],
[0,0,0,0,0,0,0,0,1,9,9,9,9,9,1,0,0,0,0,0,0,0,0,0],
[0,0,0,0,0,0,0,1,1,1,1,1,1,1,1,0,0,0,0,0,0,0,0,0],
[0,0,0,0,0,0,1,1,2,2,2,4,2,2,2,1,1,0,0,0,0,0,0,0],
[0,0,0,0,0,0,1,2,2,2,2,4,2,2,2,2,1,0,0,0,0,0,0,0],
[0,0,0,0,0,0,1,2,1,2,4,2,4,2,1,2,1,0,0,0,0,0,0,0],
[0,0,0,0,0,1,1,2,1,2,4,2,4,2,1,2,1,1,0,0,0,0,0,0],
[0,0,0,0,0,1,2,2,1,2,4,2,4,2,1,2,2,1,0,0,0,0,0,0],
[0,0,0,0,0,1,9,9,1,2,4,2,4,2,1,9,9,1,0,0,0,0,0,0],
[0,0,0,0,0,1,9,9,1,2,2,2,2,2,1,9,9,1,0,0,0,0,0,0],
[0,0,0,0,0,0,1,1,1,1,1,1,1,1,1,1,1,0,0,0,0,0,0,0],
[0,0,0,0,0,0,0,0,1,1,1,1,1,1,1,0,0,0,0,0,0,0,0,0],
[0,0,0,0,0,0,0,0,0,1,1,0,1,1,0,0,0,0,0,0,0,0,0,0],
[0,0,0,0,0,0,0,0,1,1,1,0,1,1,0,0,0,0,0,0,0,0,0,0],
[0,0,0,0,0,0,0,0,0,0,0,0,1,1,1,0,0,0,0,0,0,0,0,0],
], 
},{imageData: [
/*GHOST LEFT SIDE - STILL*/
[0,0,0,0,0,0,0,0,1,1,1,1,1,1,0,0,0,0,0,0,0,0,0,0],
[0,0,0,0,0,0,0,1,5,5,5,5,5,5,1,0,0,0,0,0,0,0,0,0],
[0,0,0,0,0,1,1,5,5,5,5,5,5,5,1,0,0,0,0,0,0,0,0,0],
[0,0,0,0,0,1,5,5,5,5,5,5,5,5,5,1,0,0,0,0,0,0,0,0],
[0,0,0,0,0,1,5,1,5,5,5,1,5,5,5,5,1,0,0,0,0,0,0,0],
[0,0,0,0,0,0,1,9,1,5,1,1,5,5,5,5,1,0,0,0,0,0,0,0],
[0,0,0,0,0,0,1,9,1,5,1,9,1,1,5,5,1,0,0,0,0,0,0,0],
[0,0,0,0,0,0,1,9,1,1,9,9,1,1,5,5,1,0,0,0,0,0,0,0],
[0,0,0,0,0,0,1,9,10,8,9,9,9,9,1,5,1,0,0,0,0,0,0,0],
[0,0,0,0,0,0,1,9,10,6,9,9,9,9,10,1,0,0,0,0,0,0,0,0],
[0,0,0,0,0,0,1,9,9,9,9,9,9,10,1,0,0,0,0,0,0,0,0,0],
[0,0,0,0,0,0,0,1,7,9,9,10,1,1,0,0,0,0,0,0,0,0,0,0],
[0,0,0,0,0,0,0,1,1,1,1,2,2,1,1,0,0,0,0,0,0,0,0,0],
[0,0,0,0,0,0,0,1,4,4,2,2,2,2,1,1,0,0,0,0,0,0,0,0],
[0,0,0,0,0,0,0,1,3,2,2,1,1,2,2,1,0,0,0,0,0,0,0,0],
[0,0,0,0,0,0,0,1,3,2,2,2,1,2,2,1,0,0,0,0,0,0,0,0],
[0,0,0,0,0,0,0,1,3,2,2,2,1,1,1,1,0,0,0,0,0,0,0,0],
[0,0,0,0,0,0,0,1,2,2,2,2,1,9,9,1,0,0,0,0,0,0,0,0],
[0,0,0,0,0,0,0,9,2,2,2,2,1,9,9,1,0,0,0,0,0,0,0,0],
[0,0,0,0,0,0,0,9,1,1,1,1,1,1,1,1,0,0,0,0,0,0,0,0],
[0,0,0,0,0,0,0,0,1,1,1,1,1,1,1,0,0,0,0,0,0,0,0,0],
[0,0,0,0,0,0,0,0,1,1,1,0,1,1,1,0,0,0,0,0,0,0,0,0],
[0,0,0,0,0,0,0,0,0,1,1,0,0,1,1,0,0,0,0,0,0,0,0,0],
[0,0,0,0,0,0,0,0,1,1,1,0,1,1,1,0,0,0,0,0,0,0,0,0],
], 
},{imageData: [
/*GHOST LEFT SIDE - WALK FRAME 1*/
[0,0,0,0,0,0,0,0,1,1,1,1,1,1,0,0,0,0,0,0,0,0,0,0],
[0,0,0,0,0,0,0,1,5,5,5,5,5,5,1,0,0,0,0,0,0,0,0,0],
[0,0,0,0,0,1,1,5,5,5,5,5,5,5,1,0,0,0,0,0,0,0,0,0],
[0,0,0,0,0,1,5,5,5,5,5,5,5,5,5,1,0,0,0,0,0,0,0,0],
[0,0,0,0,0,1,5,1,5,5,5,1,5,5,5,5,1,0,0,0,0,0,0,0],
[0,0,0,0,0,0,1,9,1,5,1,1,5,5,5,5,1,0,0,0,0,0,0,0],
[0,0,0,0,0,0,1,9,1,5,1,9,1,1,5,5,1,0,0,0,0,0,0,0],
[0,0,0,0,0,0,1,9,1,1,9,9,1,1,5,5,1,0,0,0,0,0,0,0],
[0,0,0,0,0,0,1,9,10,8,9,9,9,9,1,5,1,0,0,0,0,0,0,0],
[0,0,0,0,0,0,1,9,10,6,9,9,9,9,10,1,0,0,0,0,0,0,0,0],
[0,0,0,0,0,0,1,9,9,9,9,9,9,10,1,0,0,0,0,0,0,0,0,0],
[0,0,0,0,0,0,0,1,7,9,9,10,1,1,0,0,0,0,0,0,0,0,0,0],
[0,0,0,0,0,0,0,1,1,1,1,2,2,1,1,0,0,0,0,0,0,0,0,0],
[0,0,0,0,0,0,0,1,4,4,2,2,2,2,1,0,0,0,0,0,0,0,0,0],
[0,0,0,0,0,0,0,1,3,2,2,1,1,2,1,0,0,0,0,0,0,0,0,0],
[0,0,0,0,0,0,0,1,3,2,2,2,1,2,1,0,0,0,0,0,0,0,0,0],
[0,0,0,0,0,0,0,1,3,2,2,2,1,1,1,0,0,0,0,0,0,0,0,0],
[0,0,0,0,0,0,0,1,2,2,2,2,9,9,1,0,0,0,0,0,0,0,0,0],
[0,0,0,0,0,0,0,1,2,2,2,1,9,9,1,0,0,0,0,0,0,0,0,0],
[0,0,0,0,0,0,0,1,1,1,1,1,1,1,1,0,0,0,0,0,0,0,0,0],
[0,0,0,0,0,0,0,0,23,23,0,1,1,1,1,0,0,0,0,0,0,0,0,0],
[0,0,0,0,0,0,0,0,23,23,0,0,1,1,0,0,0,0,0,0,0,0,0,0],
[0,0,0,0,0,0,0,0,23,23,0,0,1,1,0,0,0,0,0,0,0,0,0,0],
[0,0,0,0,0,0,0,23,23,23,0,1,1,1,0,0,0,0,0,0,0,0,0,0],
],
},{imageData: [
/*GHOST LEFT SIDE - WALK FRAME 2*/
[0,0,0,0,0,0,0,0,1,1,1,1,1,1,0,0,0,0,0,0,0,0,0,0],
[0,0,0,0,0,0,0,1,5,5,5,5,5,5,1,0,0,0,0,0,0,0,0,0],
[0,0,0,0,0,1,1,5,5,5,5,5,5,5,1,0,0,0,0,0,0,0,0,0],
[0,0,0,0,0,1,5,5,5,5,5,5,5,5,5,1,0,0,0,0,0,0,0,0],
[0,0,0,0,0,1,5,1,5,5,5,1,5,5,5,5,1,0,0,0,0,0,0,0],
[0,0,0,0,0,0,1,9,1,5,1,1,5,5,5,5,1,0,0,0,0,0,0,0],
[0,0,0,0,0,0,1,9,1,5,1,9,1,1,5,5,1,0,0,0,0,0,0,0],
[0,0,0,0,0,0,1,9,1,1,9,9,1,1,5,5,1,0,0,0,0,0,0,0],
[0,0,0,0,0,0,1,9,10,8,9,9,9,9,1,5,1,0,0,0,0,0,0,0],
[0,0,0,0,0,0,1,9,10,6,9,9,9,9,10,1,0,0,0,0,0,0,0,0],
[0,0,0,0,0,0,1,9,9,9,9,9,9,10,1,0,0,0,0,0,0,0,0,0],
[0,0,0,0,0,0,0,1,7,9,9,10,1,1,0,0,0,0,0,0,0,0,0,0],
[0,0,0,0,0,0,0,1,1,1,1,2,2,1,1,0,0,0,0,0,0,0,0,0],
[0,0,0,0,0,0,0,1,4,4,2,2,2,2,1,0,0,0,0,0,0,0,0,0],
[0,0,0,0,0,0,0,1,3,2,2,2,2,2,1,0,0,0,0,0,0,0,0,0],
[0,0,0,0,0,0,0,1,3,2,2,2,1,1,1,0,0,0,0,0,0,0,0,0],
[0,0,0,0,0,0,0,1,3,2,2,1,1,2,1,0,0,0,0,0,0,0,0,0],
[0,0,0,0,0,0,0,1,2,2,1,9,9,2,1,0,0,0,0,0,0,0,0,0],
[0,0,0,0,0,0,0,1,2,2,1,9,9,2,1,0,0,0,0,0,0,0,0,0],
[0,0,0,0,0,0,0,1,1,1,1,1,1,1,1,0,0,0,0,0,0,0,0,0],
[0,0,0,0,0,0,0,23,23,23,0,1,1,1,1,0,0,0,0,0,0,0,0,0],
[0,0,0,0,0,0,0,23,23,23,0,0,1,1,0,0,0,0,0,0,0,0,0,0],
[0,0,0,0,0,0,0,23,23,0,0,0,1,1,1,0,0,0,0,0,0,0,0,0],
[0,0,0,0,0,0,23,23,23,0,0,0,0,1,1,0,0,0,0,0,0,0,0,0],
],
},
{imageData: [
/*GHOST LEFT SIDE - WALK FRAME 3*/
[0,0,0,0,0,0,0,0,1,1,1,1,1,1,0,0,0,0,0,0,0,0,0,0],
[0,0,0,0,0,0,0,1,5,5,5,5,5,5,1,0,0,0,0,0,0,0,0,0],
[0,0,0,0,0,1,1,5,5,5,5,5,5,5,1,0,0,0,0,0,0,0,0,0],
[0,0,0,0,0,1,5,5,5,5,5,5,5,5,5,1,0,0,0,0,0,0,0,0],
[0,0,0,0,0,1,5,1,5,5,5,1,5,5,5,5,1,0,0,0,0,0,0,0],
[0,0,0,0,0,0,1,9,1,5,1,1,5,5,5,5,1,0,0,0,0,0,0,0],
[0,0,0,0,0,0,1,9,1,5,1,9,1,1,5,5,1,0,0,0,0,0,0,0],
[0,0,0,0,0,0,1,9,1,1,9,9,1,1,5,5,1,0,0,0,0,0,0,0],
[0,0,0,0,0,0,1,9,10,8,9,9,9,9,1,5,1,0,0,0,0,0,0,0],
[0,0,0,0,0,0,1,9,10,6,9,9,9,9,10,1,0,0,0,0,0,0,0,0],
[0,0,0,0,0,0,1,9,9,9,9,9,9,10,1,0,0,0,0,0,0,0,0,0],
[0,0,0,0,0,0,0,1,7,9,9,10,1,1,0,0,0,0,0,0,0,0,0,0],
[0,0,0,0,0,0,0,1,1,1,1,2,2,1,1,0,0,0,0,0,0,0,0,0],
[0,0,0,0,0,0,0,1,4,4,2,2,2,2,1,0,0,0,0,0,0,0,0,0],
[0,0,0,0,0,0,0,1,3,2,2,2,2,1,1,0,0,0,0,0,0,0,0,0],
[0,0,0,0,0,0,0,1,3,2,2,1,1,1,1,0,0,0,0,0,0,0,0,0],
[0,0,0,0,0,0,0,1,3,2,1,9,9,2,1,0,0,0,0,0,0,0,0,0],
[0,0,0,0,0,0,0,1,2,2,1,9,9,2,1,0,0,0,0,0,0,0,0,0],
[0,0,0,0,0,0,0,1,2,2,1,1,1,1,1,0,0,0,0,0,0,0,0,0],
[0,0,0,0,0,0,0,1,1,1,1,1,1,1,1,0,0,0,0,0,0,0,0,0],
[0,0,0,0,0,0,23,23,23,23,0,0,1,1,1,0,0,0,0,0,0,0,0,0],
[0,0,0,0,0,0,23,23,23,0,0,0,0,1,1,1,0,0,0,0,0,0,0,0],
[0,0,0,0,0,23,23,23,0,0,0,0,0,0,0,0,0,0,0,0,0,0,0,0],
[0,0,0,0,0,0,0,0,0,0,0,0,0,0,0,0,0,0,0,0,0,0,0,0],
],
},{imageData: [
/*GHOST LEFT SIDE - WALK FRAME 4*/
[0,0,0,0,0,0,0,0,1,1,1,1,1,1,0,0,0,0,0,0,0,0,0,0],
[0,0,0,0,0,0,0,1,5,5,5,5,5,5,1,0,0,0,0,0,0,0,0,0],
[0,0,0,0,0,1,1,5,5,5,5,5,5,5,1,0,0,0,0,0,0,0,0,0],
[0,0,0,0,0,1,5,5,5,5,5,5,5,5,5,1,0,0,0,0,0,0,0,0],
[0,0,0,0,0,1,5,1,5,5,5,1,5,5,5,5,1,0,0,0,0,0,0,0],
[0,0,0,0,0,0,1,9,1,5,1,1,5,5,5,5,1,0,0,0,0,0,0,0],
[0,0,0,0,0,0,1,9,1,5,1,9,1,1,5,5,1,0,0,0,0,0,0,0],
[0,0,0,0,0,0,1,9,1,1,9,9,1,1,5,5,1,0,0,0,0,0,0,0],
[0,0,0,0,0,0,1,9,10,8,9,9,9,9,1,5,1,0,0,0,0,0,0,0],
[0,0,0,0,0,0,1,9,10,6,9,9,9,9,10,1,0,0,0,0,0,0,0,0],
[0,0,0,0,0,0,1,9,9,9,9,9,9,10,1,0,0,0,0,0,0,0,0,0],
[0,0,0,0,0,0,0,1,7,9,9,10,1,1,0,0,0,0,0,0,0,0,0,0],
[0,0,0,0,0,0,0,1,1,1,1,2,2,1,1,0,0,0,0,0,0,0,0,0],
[0,0,0,0,0,0,0,1,4,4,2,2,2,2,1,0,0,0,0,0,0,0,0,0],
[0,0,0,0,0,0,0,1,3,2,2,1,1,2,1,0,0,0,0,0,0,0,0,0],
[0,0,0,0,0,0,0,1,3,2,2,2,1,2,1,0,0,0,0,0,0,0,0,0],
[0,0,0,0,0,0,0,1,3,2,2,2,1,1,1,0,0,0,0,0,0,0,0,0],
[0,0,0,0,0,0,0,1,2,2,2,2,9,9,1,0,0,0,0,0,0,0,0,0],
[0,0,0,0,0,0,0,1,2,1,1,1,9,9,1,0,0,0,0,0,0,0,0,0],
[0,0,0,0,0,0,0,1,1,1,1,1,1,1,1,0,0,0,0,0,0,0,0,0],
[0,0,0,0,0,0,0,1,1,1,1,23,23,0,0,0,0,0,0,0,0,0,0,0],
[0,0,0,0,0,0,0,1,1,1,0,23,23,0,0,0,0,0,0,0,0,0,0,0],
[0,0,0,0,0,0,0,1,1,0,0,23,23,23,0,0,0,0,0,0,0,0,0,0],
[0,0,0,0,0,0,1,1,1,0,0,0,23,23,0,0,0,0,0,0,0,0,0,0],
],
},{imageData: [
/*GHOST LEFT SIDE - WALK FRAME 5*/
[0,0,0,0,0,0,0,0,1,1,1,1,1,1,0,0,0,0,0,0,0,0,0,0],
[0,0,0,0,0,0,0,1,5,5,5,5,5,5,1,0,0,0,0,0,0,0,0,0],
[0,0,0,0,0,1,1,5,5,5,5,5,5,5,1,0,0,0,0,0,0,0,0,0],
[0,0,0,0,0,1,5,5,5,5,5,5,5,5,5,1,0,0,0,0,0,0,0,0],
[0,0,0,0,0,1,5,1,5,5,5,1,5,5,5,5,1,0,0,0,0,0,0,0],
[0,0,0,0,0,0,1,9,1,5,1,1,5,5,5,5,1,0,0,0,0,0,0,0],
[0,0,0,0,0,0,1,9,1,5,1,9,1,1,5,5,1,0,0,0,0,0,0,0],
[0,0,0,0,0,0,1,9,1,1,9,9,1,1,5,5,1,0,0,0,0,0,0,0],
[0,0,0,0,0,0,1,9,10,8,9,9,9,9,1,5,1,0,0,0,0,0,0,0],
[0,0,0,0,0,0,1,9,10,6,9,9,9,9,10,1,0,0,0,0,0,0,0,0],
[0,0,0,0,0,0,1,9,9,9,9,9,9,10,1,0,0,0,0,0,0,0,0,0],
[0,0,0,0,0,0,0,1,7,9,9,10,1,1,0,0,0,0,0,0,0,0,0,0],
[0,0,0,0,0,0,0,1,1,1,1,2,2,1,1,0,0,0,0,0,0,0,0,0],
[0,0,0,0,0,0,0,1,4,4,2,2,2,2,1,0,0,0,0,0,0,0,0,0],
[0,0,0,0,0,0,0,1,3,2,2,1,1,2,1,0,0,0,0,0,0,0,0,0],
[0,0,0,0,0,0,0,1,3,2,2,2,1,2,1,1,0,0,0,0,0,0,0,0],
[0,0,0,0,0,0,0,1,3,2,2,2,2,1,9,9,1,0,0,0,0,0,0,0],
[0,0,0,0,0,0,0,1,2,2,2,2,2,2,9,9,1,0,0,0,0,0,0,0],
[0,0,0,0,0,0,0,1,2,1,1,1,1,2,1,1,0,0,0,0,0,0,0,0],
[0,0,0,0,0,0,0,1,1,1,1,1,1,1,1,0,0,0,0,0,0,0,0,0],
[0,0,0,0,0,0,0,1,1,1,1,23,23,23,0,0,0,0,0,0,0,0,0,0],
[0,0,0,0,0,0,1,1,1,0,0,0,23,23,23,23,0,0,0,0,0,0,0,0],
[0,0,0,0,0,1,1,1,0,0,0,0,0,0,23,0,0,0,0,0,0,0,0,0],
[0,0,0,0,0,0,0,0,0,0,0,0,0,0,0,0,0,0,0,0,0,0,0,0],
],
},{imageData: [
/*GHOST RIGHT SIDE - STILL*/
[0,0,0,0,0,0,0,0,1,1,1,1,1,1,0,0,0,0,0,0,0,0,0,0],
[0,0,0,0,0,0,0,1,5,5,5,5,5,5,1,0,0,0,0,0,0,0,0,0],
[0,0,0,0,0,1,1,5,5,5,5,5,5,5,1,0,0,0,0,0,0,0,0,0],
[0,0,0,0,0,1,5,5,5,5,5,5,5,5,5,1,0,0,0,0,0,0,0,0],
[0,0,0,0,0,1,5,1,5,5,5,1,5,5,5,5,1,0,0,0,0,0,0,0],
[0,0,0,0,0,0,1,9,1,5,1,1,5,5,5,5,1,0,0,0,0,0,0,0],
[0,0,0,0,0,0,1,9,1,5,1,9,1,1,5,5,1,0,0,0,0,0,0,0],
[0,0,0,0,0,0,1,9,1,1,9,9,1,1,5,5,1,0,0,0,0,0,0,0],
[0,0,0,0,0,0,1,9,10,8,9,9,9,9,1,5,1,0,0,0,0,0,0,0],
[0,0,0,0,0,0,1,9,10,6,9,9,9,9,10,1,0,0,0,0,0,0,0,0],
[0,0,0,0,0,0,1,9,9,9,9,9,9,10,1,0,0,0,0,0,0,0,0,0],
[0,0,0,0,0,0,0,1,7,9,9,10,1,1,0,0,0,0,0,0,0,0,0,0],
[0,0,0,0,0,0,0,1,1,1,1,2,2,1,1,0,0,0,0,0,0,0,0,0],
[0,0,0,0,0,0,0,1,4,4,2,2,2,2,1,1,0,0,0,0,0,0,0,0],
[0,0,0,0,0,0,0,1,3,2,2,1,1,2,2,1,0,0,0,0,0,0,0,0],
[0,0,0,0,0,0,0,1,3,2,2,2,1,2,2,1,0,0,0,0,0,0,0,0],
[0,0,0,0,0,0,0,1,3,2,2,2,1,1,1,1,0,0,0,0,0,0,0,0],
[0,0,0,0,0,0,0,1,2,2,2,2,1,9,9,1,0,0,0,0,0,0,0,0],
[0,0,0,0,0,0,0,9,2,2,2,2,1,9,9,1,0,0,0,0,0,0,0,0],
[0,0,0,0,0,0,0,9,1,1,1,1,1,1,1,1,0,0,0,0,0,0,0,0],
[0,0,0,0,0,0,0,0,1,1,1,1,1,1,1,0,0,0,0,0,0,0,0,0],
[0,0,0,0,0,0,0,0,1,1,1,0,1,1,1,0,0,0,0,0,0,0,0,0],
[0,0,0,0,0,0,0,0,0,1,1,0,0,1,1,0,0,0,0,0,0,0,0,0],
[0,0,0,0,0,0,0,0,1,1,1,0,1,1,1,0,0,0,0,0,0,0,0,0],
],
},{imageData: [
/*GHOST RIGHT SIDE - WALK FRAME 1*/
[0,0,0,0,0,0,0,0,1,1,1,1,1,1,0,0,0,0,0,0,0,0,0,0],
[0,0,0,0,0,0,0,1,5,5,5,5,5,5,1,0,0,0,0,0,0,0,0,0],
[0,0,0,0,0,1,1,5,5,5,5,5,5,5,1,0,0,0,0,0,0,0,0,0],
[0,0,0,0,0,1,5,5,5,5,5,5,5,5,5,1,0,0,0,0,0,0,0,0],
[0,0,0,0,0,1,5,1,5,5,5,1,5,5,5,5,1,0,0,0,0,0,0,0],
[0,0,0,0,0,0,1,9,1,5,1,1,5,5,5,5,1,0,0,0,0,0,0,0],
[0,0,0,0,0,0,1,9,1,5,1,9,1,1,5,5,1,0,0,0,0,0,0,0],
[0,0,0,0,0,0,1,9,1,1,9,9,1,1,5,5,1,0,0,0,0,0,0,0],
[0,0,0,0,0,0,1,9,10,8,9,9,9,9,1,5,1,0,0,0,0,0,0,0],
[0,0,0,0,0,0,1,9,10,6,9,9,9,9,10,1,0,0,0,0,0,0,0,0],
[0,0,0,0,0,0,1,9,9,9,9,9,9,10,1,0,0,0,0,0,0,0,0,0],
[0,0,0,0,0,0,0,1,7,9,9,10,1,1,0,0,0,0,0,0,0,0,0,0],
[0,0,0,0,0,0,0,1,1,1,1,2,2,1,1,0,0,0,0,0,0,0,0,0],
[0,0,0,0,0,0,0,1,4,4,2,2,2,2,1,0,0,0,0,0,0,0,0,0],
[0,0,0,0,0,0,0,1,3,2,2,1,1,2,1,0,0,0,0,0,0,0,0,0],
[0,0,0,0,0,0,0,1,3,2,2,2,1,2,1,0,0,0,0,0,0,0,0,0],
[0,0,0,0,0,0,0,1,3,2,2,2,1,1,1,0,0,0,0,0,0,0,0,0],
[0,0,0,0,0,0,0,1,2,2,2,2,9,9,1,0,0,0,0,0,0,0,0,0],
[0,0,0,0,0,0,0,1,2,2,2,1,9,9,1,0,0,0,0,0,0,0,0,0],
[0,0,0,0,0,0,0,1,1,1,1,1,1,1,1,0,0,0,0,0,0,0,0,0],
[0,0,0,0,0,0,0,0,23,23,0,1,1,1,1,0,0,0,0,0,0,0,0,0],
[0,0,0,0,0,0,0,0,23,23,0,0,1,1,0,0,0,0,0,0,0,0,0,0],
[0,0,0,0,0,0,0,0,23,23,0,0,1,1,0,0,0,0,0,0,0,0,0,0],
[0,0,0,0,0,0,0,23,23,23,0,1,1,1,0,0,0,0,0,0,0,0,0,0],
],
},{imageData: [
/*GHOST RIGHT SIDE - WALK FRAME 2*/
[0,0,0,0,0,0,0,0,1,1,1,1,1,1,0,0,0,0,0,0,0,0,0,0],
[0,0,0,0,0,0,0,1,5,5,5,5,5,5,1,0,0,0,0,0,0,0,0,0],
[0,0,0,0,0,1,1,5,5,5,5,5,5,5,1,0,0,0,0,0,0,0,0,0],
[0,0,0,0,0,1,5,5,5,5,5,5,5,5,5,1,0,0,0,0,0,0,0,0],
[0,0,0,0,0,1,5,1,5,5,5,1,5,5,5,5,1,0,0,0,0,0,0,0],
[0,0,0,0,0,0,1,9,1,5,1,1,5,5,5,5,1,0,0,0,0,0,0,0],
[0,0,0,0,0,0,1,9,1,5,1,9,1,1,5,5,1,0,0,0,0,0,0,0],
[0,0,0,0,0,0,1,9,1,1,9,9,1,1,5,5,1,0,0,0,0,0,0,0],
[0,0,0,0,0,0,1,9,10,8,9,9,9,9,1,5,1,0,0,0,0,0,0,0],
[0,0,0,0,0,0,1,9,10,6,9,9,9,9,10,1,0,0,0,0,0,0,0,0],
[0,0,0,0,0,0,1,9,9,9,9,9,9,10,1,0,0,0,0,0,0,0,0,0],
[0,0,0,0,0,0,0,1,7,9,9,10,1,1,0,0,0,0,0,0,0,0,0,0],
[0,0,0,0,0,0,0,1,1,1,1,2,2,1,1,0,0,0,0,0,0,0,0,0],
[0,0,0,0,0,0,0,1,4,4,2,2,2,2,1,0,0,0,0,0,0,0,0,0],
[0,0,0,0,0,0,0,1,3,2,2,2,2,2,1,0,0,0,0,0,0,0,0,0],
[0,0,0,0,0,0,0,1,3,2,2,2,1,1,1,0,0,0,0,0,0,0,0,0],
[0,0,0,0,0,0,0,1,3,2,2,1,1,2,1,0,0,0,0,0,0,0,0,0],
[0,0,0,0,0,0,0,1,2,2,1,9,9,2,1,0,0,0,0,0,0,0,0,0],
[0,0,0,0,0,0,0,1,2,2,1,9,9,2,1,0,0,0,0,0,0,0,0,0],
[0,0,0,0,0,0,0,1,1,1,1,1,1,1,1,0,0,0,0,0,0,0,0,0],
[0,0,0,0,0,0,0,23,23,23,0,1,1,1,1,0,0,0,0,0,0,0,0,0],
[0,0,0,0,0,0,0,23,23,23,0,0,1,1,0,0,0,0,0,0,0,0,0,0],
[0,0,0,0,0,0,0,23,23,0,0,0,1,1,1,0,0,0,0,0,0,0,0,0],
[0,0,0,0,0,0,23,23,23,0,0,0,0,1,1,0,0,0,0,0,0,0,0,0],
],
},{imageData: [
/*GHOST RIGHT SIDE - WALK FRAME 3*/
[0,0,0,0,0,0,0,0,1,1,1,1,1,1,0,0,0,0,0,0,0,0,0,0],
[0,0,0,0,0,0,0,1,5,5,5,5,5,5,1,0,0,0,0,0,0,0,0,0],
[0,0,0,0,0,1,1,5,5,5,5,5,5,5,1,0,0,0,0,0,0,0,0,0],
[0,0,0,0,0,1,5,5,5,5,5,5,5,5,5,1,0,0,0,0,0,0,0,0],
[0,0,0,0,0,1,5,1,5,5,5,1,5,5,5,5,1,0,0,0,0,0,0,0],
[0,0,0,0,0,0,1,9,1,5,1,1,5,5,5,5,1,0,0,0,0,0,0,0],
[0,0,0,0,0,0,1,9,1,5,1,9,1,1,5,5,1,0,0,0,0,0,0,0],
[0,0,0,0,0,0,1,9,1,1,9,9,1,1,5,5,1,0,0,0,0,0,0,0],
[0,0,0,0,0,0,1,9,10,8,9,9,9,9,1,5,1,0,0,0,0,0,0,0],
[0,0,0,0,0,0,1,9,10,6,9,9,9,9,10,1,0,0,0,0,0,0,0,0],
[0,0,0,0,0,0,1,9,9,9,9,9,9,10,1,0,0,0,0,0,0,0,0,0],
[0,0,0,0,0,0,0,1,7,9,9,10,1,1,0,0,0,0,0,0,0,0,0,0],
[0,0,0,0,0,0,0,1,1,1,1,2,2,1,1,0,0,0,0,0,0,0,0,0],
[0,0,0,0,0,0,0,1,4,4,2,2,2,2,1,0,0,0,0,0,0,0,0,0],
[0,0,0,0,0,0,0,1,3,2,2,2,2,1,1,0,0,0,0,0,0,0,0,0],
[0,0,0,0,0,0,0,1,3,2,2,1,1,1,1,0,0,0,0,0,0,0,0,0],
[0,0,0,0,0,0,0,1,3,2,1,9,9,2,1,0,0,0,0,0,0,0,0,0],
[0,0,0,0,0,0,0,1,2,2,1,9,9,2,1,0,0,0,0,0,0,0,0,0],
[0,0,0,0,0,0,0,1,2,2,1,1,1,1,1,0,0,0,0,0,0,0,0,0],
[0,0,0,0,0,0,0,1,1,1,1,1,1,1,1,0,0,0,0,0,0,0,0,0],
[0,0,0,0,0,0,23,23,23,23,0,0,1,1,1,0,0,0,0,0,0,0,0,0],
[0,0,0,0,0,0,23,23,23,0,0,0,0,1,1,1,0,0,0,0,0,0,0,0],
[0,0,0,0,0,23,23,23,0,0,0,0,0,0,0,0,0,0,0,0,0,0,0,0],
[0,0,0,0,0,0,0,0,0,0,0,0,0,0,0,0,0,0,0,0,0,0,0,0],
],
},{imageData: [
/*GHOST RIGHT SIDE - WALK FRME 4*/
[0,0,0,0,0,0,0,0,1,1,1,1,1,1,0,0,0,0,0,0,0,0,0,0],
[0,0,0,0,0,0,0,1,5,5,5,5,5,5,1,0,0,0,0,0,0,0,0,0],
[0,0,0,0,0,1,1,5,5,5,5,5,5,5,1,0,0,0,0,0,0,0,0,0],
[0,0,0,0,0,1,5,5,5,5,5,5,5,5,5,1,0,0,0,0,0,0,0,0],
[0,0,0,0,0,1,5,1,5,5,5,1,5,5,5,5,1,0,0,0,0,0,0,0],
[0,0,0,0,0,0,1,9,1,5,1,1,5,5,5,5,1,0,0,0,0,0,0,0],
[0,0,0,0,0,0,1,9,1,5,1,9,1,1,5,5,1,0,0,0,0,0,0,0],
[0,0,0,0,0,0,1,9,1,1,9,9,1,1,5,5,1,0,0,0,0,0,0,0],
[0,0,0,0,0,0,1,9,10,8,9,9,9,9,1,5,1,0,0,0,0,0,0,0],
[0,0,0,0,0,0,1,9,10,6,9,9,9,9,10,1,0,0,0,0,0,0,0,0],
[0,0,0,0,0,0,1,9,9,9,9,9,9,10,1,0,0,0,0,0,0,0,0,0],
[0,0,0,0,0,0,0,1,7,9,9,10,1,1,0,0,0,0,0,0,0,0,0,0],
[0,0,0,0,0,0,0,1,1,1,1,2,2,1,1,0,0,0,0,0,0,0,0,0],
[0,0,0,0,0,0,0,1,4,4,2,2,2,2,1,0,0,0,0,0,0,0,0,0],
[0,0,0,0,0,0,0,1,3,2,2,1,1,2,1,0,0,0,0,0,0,0,0,0],
[0,0,0,0,0,0,0,1,3,2,2,2,1,2,1,0,0,0,0,0,0,0,0,0],
[0,0,0,0,0,0,0,1,3,2,2,2,1,1,1,0,0,0,0,0,0,0,0,0],
[0,0,0,0,0,0,0,1,2,2,2,2,9,9,1,0,0,0,0,0,0,0,0,0],
[0,0,0,0,0,0,0,1,2,1,1,1,9,9,1,0,0,0,0,0,0,0,0,0],
[0,0,0,0,0,0,0,1,1,1,1,1,1,1,1,0,0,0,0,0,0,0,0,0],
[0,0,0,0,0,0,0,1,1,1,1,23,23,0,0,0,0,0,0,0,0,0,0,0],
[0,0,0,0,0,0,0,1,1,1,0,23,23,0,0,0,0,0,0,0,0,0,0,0],
[0,0,0,0,0,0,0,1,1,0,0,23,23,23,0,0,0,0,0,0,0,0,0,0],
[0,0,0,0,0,0,1,1,1,0,0,0,23,23,0,0,0,0,0,0,0,0,0,0],
],
},{imageData: [
/*GHOST RIGHT SIDE - WALK FRAME 5*/
[0,0,0,0,0,0,0,0,1,1,1,1,1,1,0,0,0,0,0,0,0,0,0,0],
[0,0,0,0,0,0,0,1,5,5,5,5,5,5,1,0,0,0,0,0,0,0,0,0],
[0,0,0,0,0,1,1,5,5,5,5,5,5,5,1,0,0,0,0,0,0,0,0,0],
[0,0,0,0,0,1,5,5,5,5,5,5,5,5,5,1,0,0,0,0,0,0,0,0],
[0,0,0,0,0,1,5,1,5,5,5,1,5,5,5,5,1,0,0,0,0,0,0,0],
[0,0,0,0,0,0,1,9,1,5,1,1,5,5,5,5,1,0,0,0,0,0,0,0],
[0,0,0,0,0,0,1,9,1,5,1,9,1,1,5,5,1,0,0,0,0,0,0,0],
[0,0,0,0,0,0,1,9,1,1,9,9,1,1,5,5,1,0,0,0,0,0,0,0],
[0,0,0,0,0,0,1,9,10,8,9,9,9,9,1,5,1,0,0,0,0,0,0,0],
[0,0,0,0,0,0,1,9,10,6,9,9,9,9,10,1,0,0,0,0,0,0,0,0],
[0,0,0,0,0,0,1,9,9,9,9,9,9,10,1,0,0,0,0,0,0,0,0,0],
[0,0,0,0,0,0,0,1,7,9,9,10,1,1,0,0,0,0,0,0,0,0,0,0],
[0,0,0,0,0,0,0,1,1,1,1,2,2,1,1,0,0,0,0,0,0,0,0,0],
[0,0,0,0,0,0,0,1,4,4,2,2,2,2,1,0,0,0,0,0,0,0,0,0],
[0,0,0,0,0,0,0,1,3,2,2,1,1,2,1,0,0,0,0,0,0,0,0,0],
[0,0,0,0,0,0,0,1,3,2,2,2,1,2,1,1,0,0,0,0,0,0,0,0],
[0,0,0,0,0,0,0,1,3,2,2,2,2,1,9,9,1,0,0,0,0,0,0,0],
[0,0,0,0,0,0,0,1,2,2,2,2,2,2,9,9,1,0,0,0,0,0,0,0],
[0,0,0,0,0,0,0,1,2,1,1,1,1,2,1,1,0,0,0,0,0,0,0,0],
[0,0,0,0,0,0,0,1,1,1,1,1,1,1,1,0,0,0,0,0,0,0,0,0],
[0,0,0,0,0,0,0,1,1,1,1,23,23,23,0,0,0,0,0,0,0,0,0,0],
[0,0,0,0,0,0,1,1,1,0,0,0,23,23,23,23,0,0,0,0,0,0,0,0],
[0,0,0,0,0,1,1,1,0,0,0,0,0,0,23,0,0,0,0,0,0,0,0,0],
[0,0,0,0,0,0,0,0,0,0,0,0,0,0,0,0,0,0,0,0,0,0,0,0],
],
},{imageData: [
/*GHOST BACK - STILL*/
[0,0,0,0,0,0,0,1,1,1,1,1,1,1,1,1,0,0,0,0,0,0,0,0],
[0,0,0,0,0,0,1,1,5,5,3,5,5,5,5,1,1,0,0,0,0,0,0,0],
[0,0,0,0,0,0,1,5,3,5,5,3,5,5,3,5,1,0,0,0,0,0,0,0],
[0,0,0,0,0,0,1,5,5,3,5,5,3,3,5,5,1,0,0,0,0,0,0,0],
[0,0,0,0,0,0,1,5,3,5,3,5,3,5,3,5,5,1,0,0,0,0,0,0],
[0,0,0,0,0,1,5,5,3,5,3,5,3,5,5,5,5,1,0,0,0,0,0,0],
[0,0,0,0,0,0,1,5,3,3,5,3,5,3,5,5,1,0,0,0,0,0,0,0],
[0,0,0,0,0,0,1,5,5,3,5,5,5,5,3,5,1,0,0,0,0,0,0,0],
[0,0,0,0,0,0,1,1,5,5,5,5,5,5,5,5,1,0,0,0,0,0,0,0],
[0,0,0,0,0,0,1,9,1,5,5,1,1,5,1,5,1,0,0,0,0,0,0,0],
[0,0,0,0,0,0,0,1,9,1,1,9,9,1,9,1,0,0,0,0,0,0,0,0],
[0,0,0,0,0,0,0,0,1,1,1,1,1,1,1,0,0,0,0,0,0,0,0,0],
[0,0,0,0,0,0,1,1,2,2,2,4,2,2,2,1,1,0,0,0,0,0,0,0],
[0,0,0,0,0,0,1,2,1,2,2,2,2,2,1,2,1,0,0,0,0,0,0,0],
[0,0,0,0,0,0,1,2,1,2,2,2,2,2,1,2,1,0,0,0,0,0,0,0],
[0,0,0,0,0,1,1,2,1,2,2,2,2,2,1,2,1,1,0,0,0,0,0,0],
[0,0,0,0,0,1,2,2,1,2,2,2,2,2,1,2,2,1,0,0,0,0,0,0],
[0,0,0,0,0,1,9,9,1,2,2,2,2,2,1,9,9,1,0,0,0,0,0,0],
[0,0,0,0,0,1,9,9,1,2,2,2,2,2,1,9,9,1,0,0,0,0,0,0],
[0,0,0,0,0,0,1,1,1,1,1,1,1,1,1,1,1,0,0,0,0,0,0,0],
[0,0,0,0,0,0,0,0,1,1,1,1,1,1,1,0,0,0,0,0,0,0,0,0],
[0,0,0,0,0,0,0,0,0,1,1,0,1,1,0,0,0,0,0,0,0,0,0,0],
[0,0,0,0,0,0,0,0,0,1,1,0,1,1,0,0,0,0,0,0,0,0,0,0],
[0,0,0,0,0,0,0,0,1,1,1,0,1,1,1,0,0,0,0,0,0,0,0,0],
],
},{imageData: [
/*GHOST BACK - WALK FRAME 1*/
[0,0,0,0,0,0,0,1,1,1,1,1,1,1,1,1,0,0,0,0,0,0,0,0],
[0,0,0,0,0,0,1,1,5,5,3,5,5,5,5,1,1,0,0,0,0,0,0,0],
[0,0,0,0,0,0,1,5,3,5,5,3,5,5,3,5,1,0,0,0,0,0,0,0],
[0,0,0,0,0,0,1,5,5,3,5,5,3,3,5,5,1,0,0,0,0,0,0,0],
[0,0,0,0,0,0,1,5,3,5,3,5,3,5,3,5,5,1,0,0,0,0,0,0],
[0,0,0,0,0,1,5,5,3,5,3,5,3,5,5,5,5,1,0,0,0,0,0,0],
[0,0,0,0,0,0,1,5,3,3,5,3,5,3,5,5,1,0,0,0,0,0,0,0],
[0,0,0,0,0,0,1,5,5,3,5,5,5,5,3,5,1,0,0,0,0,0,0,0],
[0,0,0,0,0,0,1,1,5,5,5,5,5,5,5,5,1,0,0,0,0,0,0,0],
[0,0,0,0,0,0,1,9,1,5,5,1,1,5,1,5,1,0,0,0,0,0,0,0],
[0,0,0,0,0,0,0,1,9,1,1,9,9,1,9,1,0,0,0,0,0,0,0,0],
[0,0,0,0,0,0,0,0,1,1,1,1,1,1,1,0,0,0,0,0,0,0,0,0],
[0,0,0,0,0,0,1,1,2,2,2,4,2,2,2,1,1,0,0,0,0,0,0,0],
[0,0,0,0,0,0,1,2,1,2,2,2,2,2,1,2,1,0,0,0,0,0,0,0],
[0,0,0,0,0,0,1,2,1,2,2,2,2,2,1,2,1,0,0,0,0,0,0,0],
[0,0,0,0,0,0,1,2,1,2,2,2,2,1,2,2,1,0,0,0,0,0,0,0],
[0,0,0,0,0,0,1,2,1,2,2,2,2,1,2,2,1,0,0,0,0,0,0,0],
[0,0,0,0,0,0,1,9,1,2,2,2,2,1,9,9,1,0,0,0,0,0,0,0],
[0,0,0,0,0,0,1,9,1,2,2,2,2,1,9,9,1,0,0,0,0,0,0,0],
[0,0,0,0,0,0,1,1,1,1,1,1,1,1,1,1,1,0,0,0,0,0,0,0],
[0,0,0,0,0,0,0,0,1,1,1,1,1,1,1,0,0,0,0,0,0,0,0,0],
[0,0,0,0,0,0,0,0,0,1,1,0,1,1,0,0,0,0,0,0,0,0,0,0],
[0,0,0,0,0,0,0,0,0,1,1,0,1,1,1,0,0,0,0,0,0,0,0,0],
[0,0,0,0,0,0,0,0,1,1,1,0,0,0,0,0,0,0,0,0,0,0,0,0],
],
},{imageData: [
/*GHOST BACK - WALK FRAME 2*/
[0,0,0,0,0,0,0,1,1,1,1,1,1,1,1,1,0,0,0,0,0,0,0,0],
[0,0,0,0,0,0,1,1,5,5,3,5,5,5,5,1,1,0,0,0,0,0,0,0],
[0,0,0,0,0,0,1,5,3,5,5,3,5,5,3,5,1,0,0,0,0,0,0,0],
[0,0,0,0,0,0,1,5,5,3,5,5,3,3,5,5,1,0,0,0,0,0,0,0],
[0,0,0,0,0,0,1,5,3,5,3,5,3,5,3,5,5,1,0,0,0,0,0,0],
[0,0,0,0,0,1,5,5,3,5,3,5,3,5,5,5,5,1,0,0,0,0,0,0],
[0,0,0,0,0,0,1,5,3,3,5,3,5,3,5,5,1,0,0,0,0,0,0,0],
[0,0,0,0,0,0,1,5,5,3,5,5,5,5,3,5,1,0,0,0,0,0,0,0],
[0,0,0,0,0,0,1,1,5,5,5,5,5,5,5,5,1,0,0,0,0,0,0,0],
[0,0,0,0,0,0,1,9,1,5,5,1,1,5,1,5,1,0,0,0,0,0,0,0],
[0,0,0,0,0,0,0,1,9,1,1,9,9,1,9,1,0,0,0,0,0,0,0,0],
[0,0,0,0,0,0,0,0,1,1,1,1,1,1,1,0,0,0,0,0,0,0,0,0],
[0,0,0,0,0,0,1,1,2,2,2,4,2,2,2,1,1,0,0,0,0,0,0,0],
[0,0,0,0,0,0,1,2,1,2,2,2,2,2,1,2,1,0,0,0,0,0,0,0],
[0,0,0,0,0,0,1,2,1,2,2,2,2,2,1,2,1,0,0,0,0,0,0,0],
[0,0,0,0,0,0,1,2,1,2,2,2,2,1,2,2,1,0,0,0,0,0,0,0],
[0,0,0,0,0,0,1,9,1,2,2,2,2,1,9,9,1,0,0,0,0,0,0,0],
[0,0,0,0,0,0,1,9,1,2,2,2,2,1,9,9,1,0,0,0,0,0,0,0],
[0,0,0,0,0,0,1,1,1,2,2,2,2,1,1,1,1,0,0,0,0,0,0,0],
[0,0,0,0,0,0,0,0,1,1,1,1,1,1,1,1,1,0,0,0,0,0,0,0],
[0,0,0,0,0,0,0,0,1,1,1,1,1,1,1,0,0,0,0,0,0,0,0,0],
[0,0,0,0,0,0,0,0,0,1,1,0,1,1,0,0,0,0,0,0,0,0,0,0],
[0,0,0,0,0,0,0,0,0,1,1,0,0,0,0,0,0,0,0,0,0,0,0,0],
[0,0,0,0,0,0,0,0,1,1,1,0,0,0,0,0,0,0,0,0,0,0,0,0],
],
},{imageData: [
/*GHOST BACK - WALK FRAME 3*/
[0,0,0,0,0,0,0,1,1,1,1,1,1,1,1,1,0,0,0,0,0,0,0,0],
[0,0,0,0,0,0,1,1,5,5,3,5,5,5,5,1,1,0,0,0,0,0,0,0],
[0,0,0,0,0,0,1,5,3,5,5,3,5,5,3,5,1,0,0,0,0,0,0,0],
[0,0,0,0,0,0,1,5,5,3,5,5,3,3,5,5,1,0,0,0,0,0,0,0],
[0,0,0,0,0,0,1,5,3,5,3,5,3,5,3,5,5,1,0,0,0,0,0,0],
[0,0,0,0,0,1,5,5,3,5,3,5,3,5,5,5,5,1,0,0,0,0,0,0],
[0,0,0,0,0,0,1,5,3,3,5,3,5,3,5,5,1,0,0,0,0,0,0,0],
[0,0,0,0,0,0,1,5,5,3,5,5,5,5,3,5,1,0,0,0,0,0,0,0],
[0,0,0,0,0,0,1,1,5,5,5,5,5,5,5,5,1,0,0,0,0,0,0,0],
[0,0,0,0,0,0,1,9,1,5,5,1,1,5,1,5,1,0,0,0,0,0,0,0],
[0,0,0,0,0,0,0,1,9,1,1,9,9,1,9,1,0,0,0,0,0,0,0,0],
[0,0,0,0,0,0,0,0,1,1,1,1,1,1,1,0,0,0,0,0,0,0,0,0],
[0,0,0,0,0,0,1,1,2,2,2,4,2,2,2,1,1,0,0,0,0,0,0,0],
[0,0,0,0,0,0,1,2,1,2,2,2,2,2,1,2,1,0,0,0,0,0,0,0],
[0,0,0,0,0,0,1,2,1,2,2,2,2,2,1,2,1,0,0,0,0,0,0,0],
[0,0,0,0,0,0,1,2,2,1,2,2,2,2,1,2,1,0,0,0,0,0,0,0],
[0,0,0,0,0,0,1,2,2,1,2,2,2,2,1,9,1,0,0,0,0,0,0,0],
[0,0,0,0,0,0,1,9,1,1,2,2,2,2,1,9,1,0,0,0,0,0,0,0],
[0,0,0,0,0,0,1,9,9,1,2,2,2,2,1,1,1,0,0,0,0,0,0,0],
[0,0,0,0,0,0,0,1,1,1,1,1,1,1,1,1,0,0,0,0,0,0,0,0],
[0,0,0,0,0,0,0,0,1,1,1,1,1,1,1,0,0,0,0,0,0,0,0,0],
[0,0,0,0,0,0,0,0,0,1,1,0,1,1,0,0,0,0,0,0,0,0,0,0],
[0,0,0,0,0,0,0,0,1,1,1,0,1,1,0,0,0,0,0,0,0,0,0,0],
[0,0,0,0,0,0,0,0,0,0,0,0,1,1,1,0,0,0,0,0,0,0,0,0],
],
},{imageData: [
/*GHOST BACK - WALK FRAME 4*/
[0,0,0,0,0,0,0,1,1,1,1,1,1,1,1,1,0,0,0,0,0,0,0,0],
[0,0,0,0,0,0,1,1,5,5,3,5,5,5,5,1,1,0,0,0,0,0,0,0],
[0,0,0,0,0,0,1,5,3,5,5,3,5,5,3,5,1,0,0,0,0,0,0,0],
[0,0,0,0,0,0,1,5,5,3,5,5,3,3,5,5,1,0,0,0,0,0,0,0],
[0,0,0,0,0,0,1,5,3,5,3,5,3,5,3,5,5,1,0,0,0,0,0,0],
[0,0,0,0,0,1,5,5,3,5,3,5,3,5,5,5,5,1,0,0,0,0,0,0],
[0,0,0,0,0,0,1,5,3,3,5,3,5,3,5,5,1,0,0,0,0,0,0,0],
[0,0,0,0,0,0,1,5,5,3,5,5,5,5,3,5,1,0,0,0,0,0,0,0],
[0,0,0,0,0,0,1,1,5,5,5,5,5,5,5,5,1,0,0,0,0,0,0,0],
[0,0,0,0,0,0,1,9,1,5,5,1,1,5,1,5,1,0,0,0,0,0,0,0],
[0,0,0,0,0,0,0,1,9,1,1,9,9,1,9,1,0,0,0,0,0,0,0,0],
[0,0,0,0,0,0,0,0,1,1,1,1,1,1,1,0,0,0,0,0,0,0,0,0],
[0,0,0,0,0,0,1,1,2,2,2,4,2,2,2,1,1,0,0,0,0,0,0,0],
[0,0,0,0,0,0,1,2,1,2,2,2,2,2,1,2,1,0,0,0,0,0,0,0],
[0,0,0,0,0,0,1,2,1,2,2,2,2,2,1,2,1,0,0,0,0,0,0,0],
[0,0,0,0,0,0,1,2,2,1,2,2,2,2,1,1,9,1,0,0,0,0,0,0],
[0,0,0,0,0,0,1,9,1,1,2,2,2,2,1,1,9,1,0,0,0,0,0,0],
[0,0,0,0,0,0,1,9,1,1,2,2,2,2,1,1,1,1,0,0,0,0,0,0],
[0,0,0,0,0,0,1,1,1,1,2,2,2,2,1,0,0,0,0,0,0,0,0,0],
[0,0,0,0,0,0,1,1,1,1,1,1,1,1,1,0,0,0,0,0,0,0,0,0],
[0,0,0,0,0,0,0,0,1,1,1,1,1,1,1,0,0,0,0,0,0,0,0,0],
[0,0,0,0,0,0,0,0,0,1,1,0,1,1,0,0,0,0,0,0,0,0,0,0],
[0,0,0,0,0,0,0,0,0,1,1,0,1,1,0,0,0,0,0,0,0,0,0,0],
[0,0,0,0,0,0,0,0,0,0,0,0,1,1,1,0,0,0,0,0,0,0,0,0],
],
},{imageData: [
/*GHOST BACK - WALK FRAME 5*/
[0,0,0,0,0,0,0,1,1,1,1,1,1,1,1,1,0,0,0,0,0,0,0,0],
[0,0,0,0,0,0,1,1,5,5,3,5,5,5,5,1,1,0,0,0,0,0,0,0],
[0,0,0,0,0,0,1,5,3,5,5,3,5,5,3,5,1,0,0,0,0,0,0,0],
[0,0,0,0,0,0,1,5,5,3,5,5,3,3,5,5,1,0,0,0,0,0,0,0],
[0,0,0,0,0,0,1,5,3,5,3,5,3,5,3,5,5,1,0,0,0,0,0,0],
[0,0,0,0,0,1,5,5,3,5,3,5,3,5,5,5,5,1,0,0,0,0,0,0],
[0,0,0,0,0,0,1,5,3,3,5,3,5,3,5,5,1,0,0,0,0,0,0,0],
[0,0,0,0,0,0,1,5,5,3,5,5,5,5,3,5,1,0,0,0,0,0,0,0],
[0,0,0,0,0,0,1,1,5,5,5,5,5,5,5,5,1,0,0,0,0,0,0,0],
[0,0,0,0,0,0,1,9,1,5,5,1,1,5,1,5,1,0,0,0,0,0,0,0],
[0,0,0,0,0,0,0,1,9,1,1,9,9,1,9,1,0,0,0,0,0,0,0,0],
[0,0,0,0,0,0,0,0,1,1,1,1,1,1,1,0,0,0,0,0,0,0,0,0],
[0,0,0,0,0,0,1,1,2,2,2,4,2,2,2,1,1,0,0,0,0,0,0,0],
[0,0,0,0,0,0,1,2,1,2,2,2,2,2,1,2,1,0,0,0,0,0,0,0],
[0,0,0,0,0,0,1,2,1,2,2,2,2,2,1,2,1,0,0,0,0,0,0,0],
[0,0,0,0,0,1,1,2,1,2,2,2,2,2,1,2,1,1,0,0,0,0,0,0],
[0,0,0,0,0,1,2,2,1,2,2,2,2,2,1,2,2,1,0,0,0,0,0,0],
[0,0,0,0,0,1,9,1,1,2,2,2,2,2,1,1,9,1,0,0,0,0,0,0],
[0,0,0,0,0,1,9,1,1,2,2,2,2,2,1,1,9,1,0,0,0,0,0,0],
[0,0,0,0,0,0,1,1,1,1,1,1,1,1,1,1,1,0,0,0,0,0,0,0],
[0,0,0,0,0,0,0,0,1,1,1,1,1,1,1,0,0,0,0,0,0,0,0,0],
[0,0,0,0,0,0,0,0,0,1,1,0,1,1,0,0,0,0,0,0,0,0,0,0],
[0,0,0,0,0,0,0,0,0,0,0,0,1,1,0,0,0,0,0,0,0,0,0,0],
[0,0,0,0,0,0,0,0,0,0,0,0,1,1,1,0,0,0,0,0,0,0,0,0],
],
},    
    
    ///* WIZARD ANIMATIONS (not done) *///

];
 var drawSprite = function(sprite,x,y,w,h,flip,bw){
    noStroke();
    var currentSprite = sprites[sprite];
    var yarray = 0;
    var xarray = 0;
    var pyarray = 0;
    var count = 1;
    var last = currentSprite.imageData[yarray][xarray];
    var stop = true;
    pushMatrix();
    translate(x,y);
    for(yarray = 0; yarray < currentSprite.imageData.length; yarray++){
        for(xarray = 0; xarray < currentSprite.imageData[yarray].length; xarray++){
            if(!stop){
                if(last === currentSprite.imageData[yarray][xarray] && pyarray === yarray){
                    last = currentSprite.imageData[yarray][xarray];
                    count+=1;
                }else{
                    stop = true;
                }
            }
            if(stop){
            if(currentSprite.imageData[yarray][xarray] === 0){
                noFill();
                fill(0, 0, 0);
            }else{
                var a;
                if(!bw){
                a = colors.colorData[currentSprite.imageData[yarray][xarray]-1];
                }else{
                a = color(0, 0, 0);
                }
                fill(a);
                pushMatrix();
                if(!flip){
                    rect(w * xarray/currentSprite.imageData[yarray].length ,h *yarray/currentSprite.imageData.length, w * 1/currentSprite.imageData[yarray].length,h * 1/currentSprite.imageData.length);
                }else{
                    rect(-w * xarray/currentSprite.imageData[yarray].length+w,h *yarray/currentSprite.imageData.length,-w * 1/currentSprite.imageData[yarray].length,h * 1/currentSprite.imageData.length);
                }
                popMatrix();
            }
            count = 0;
            stop = true;
            last = currentSprite.imageData[yarray][xarray];
            }
        }
        pyarray = yarray+1;
    }
    popMatrix();
};
var spriteX = 26;
var spriteY = 24;
var spriteSize = 24;
var scaled_size = 14;//slider for scale
var offsetY = 1; //for sprites who's values go off the sprite size regulated on the y-axis
var offsetX;
//for sprites who's values go off the sprite size regulated on the x-axis
var walkAnimation = 1;
var flip = false;
var MC = {
    front: {
        still: function(a,b,c)
        {
            drawSprite(0, a || spriteX, b || spriteY, (spriteSize)*(c || scaled_size),  (spriteSize)*(c || scaled_size),false);
        },
        walk: function(a,b,c,d,e)
        {
            if(a<7 && a > 1)
            {
            drawSprite(a, b || spriteX, c || spriteY, (spriteSize)*(d || scaled_size),  (spriteSize)*(d || scaled_size),e);
            }
            
        },
        animation: function(a,b,c)//uses sprite's walking frames and portays an illusion of it walking
        {
            if(walkAnimation === 6 && !flip)
                {
                    flip = true;
                    walkAnimation = 2;
                    
                }
                
            background(255,255,255);
             fill(0,0,0);
                rect(a,b,(spriteSize)*(c || scaled_size),(spriteSize)*(c || scaled_size));
            drawSprite(walkAnimation, a || spriteX, b || spriteY, (spriteSize)*(c || scaled_size),  (spriteSize)*(c || scaled_size),flip);
                
                if(walkAnimation === 6 && flip)
                {
                    flip = false;
                    walkAnimation = 2;
                }
                walkAnimation++;
                //println(walkAnimation);
            }
        },
        side: {
            still: function(a,b,c)
            {
                                fill(0,0,0);
                rect(a,b,(spriteSize)*(c || scaled_size),(spriteSize)*(c || scaled_size));
                drawSprite(1, a || spriteX, b || spriteY, (spriteSize)*(c || scaled_size),(spriteSize)*(c || scaled_size),false);

            },
        }
        
};

//drawSprite(5,70,10,spriteX*scaled_size,(spriteY)*scaled_size,false);
//MC.front.still();
//MC.front.walk(5);

//println(sprites[1].imageData.length);
var mapX = 0;
var mapY = 0;
var GameMapX = [[800,1200,800], //The size of each room 
           [1000,800,1000],
           [1100,600,1100]]; //that can be adjusted
var GameMapY = [[1200,1200,1200], //however you want
[600,600,600],
[600,600,600]];        //and the system will adjust all to it.
var Actual = {
    x: function() //adds up all the  x collision values starting from zero to current x Right collision
{
    var temp = 0;
    for(var i = 0; i <= mapX; i++)
    {
        temp += GameMapX[mapY][i];
    }
    return temp;
},
y:  function() //adds up all the  y collision values starting from zero to current y Bottom collision
{
    var temp = 0;
    for(var i = 0; i <= mapY; i++)
    {

        temp += GameMapY[i][mapX];
    }
    return temp;
},
}; //accounts for the accumulated x and y values based on where you are in the map.
var keys = [];//array for keyboard command movement (seen later down)
var lastCollision = {
    x: 0, //checks for the most recently used
    y: 0 ,
    };
//properties for the moving ellipse
var obj = {
    mapX: 300, //if you want to start in another room you must 
    mapY: 300, //write in the value between where the room is found( for now)
    width: 24,
    height: 24,
    ellipse: function(){
    },
};
//the sizes for each and every individual (when done) scene on the map ( - Must make an array for each corresponding aaamapX and mapY value - )
var Stationary = true; //variable that tells the camera whether the room is bigger than the actual canvas size.
var SceneMove = false; //variable that stops the ellipses' movement momentarily as the map adjusts (done on purpose)

//Properties and logic of the system
var scene = {
    sizeX: 0, //current room width
    sizeY: 0, //current room height
    
    //current camera movement of the scene 
    x: GameMapX[mapY][mapX]/width,
    y: GameMapY[mapY][mapX]/height,
collision: { //collision detections
    RightX: 0,
    TopY: 0,
    LeftX: 0,
    BottomY: 0,
    width: 10, //width of detection range
    active: function(a,b) //active detection function (uses mapX & mapY)
    {
        if(Stationary) //stationary camera logic
        { 
            
            if(obj.mapX-scene.collision.LeftX > width/2 && 
            obj.mapX-scene.collision.RightX < -width/2)
           {
           
            //println("it works");
            scene.x = obj.mapX-width/2;
           
           }
           if( 
            (obj.mapY >scene.collision.TopY+height/2) && 
            (obj.mapY <scene.collision.BottomY- height/2))
           {
           
            //println("it works");
            scene.y = obj.mapY-height/2;
        }
        }
        
        //Right Scroll detection
        if(obj.mapX-(scene.collision.RightX)>=30)
        {
            lastCollision.x = scene.sizeX;
            Stationary = false;
            
                SceneMove = true;
                if(SceneMove)
                {
                scene.x+= cos(1)*8;
                //println("moving");
                    if(scene.x >= scene.collision.RightX)
                    {
                        SceneMove = false;
                        mapX++;
                        if(scene.sizeX > width || scene.sizeY > height)
                        {
                        Stationary = true;
                        }
                    }
                }
        }
        
        //Bottom Scroll detection
        if(obj.mapY-(scene.collision.BottomY)>=30)
        {
            lastCollision.y = scene.sizeY;
            Stationary = false;
            
                SceneMove = true;
                if(SceneMove)
                {
                scene.y+= cos(1)*8;
                //println("moving");
                    if(scene.y >= scene.collision.BottomY)
                    {
                        SceneMove = false;
                        mapY++;
                        
                        if(scene.sizeX > width || scene.sizeY > height)
                        {
                            println("big room");
                        Stationary = true;
                        }
                    }
                }
        }
        //Top Scroll detection
        if((obj.mapY-scene.collision.TopY)<=-35 && mapY > 0)
        {
            lastCollision.y = scene.sizeY;
            Stationary = false;
                SceneMove = true;
                if(SceneMove)
                {
                    
                scene.y-= cos(1)*8;
                //println("top scroll");
                    if(scene.y <=scene.collision.TopY-height/*scene.sizeX*(a-1)*/)
                    {
                        mapY--;
                        SceneMove = false;
                        
                        if(GameMapX[mapY][mapX] > width ||GameMapY[mapY][mapX] > height)
                        {
                        Stationary = true;
                        }
                        
                    }
                }
        }
        //Left Scroll detection
        if((obj.mapX-scene.collision.LeftX)<=-35 && mapX > 0)
        {
            lastCollision.x = scene.sizeX;
            Stationary = false;
                SceneMove = true;
                if(SceneMove)
                {
                    
                scene.x-= cos(1)*8;
                //println("moving");
                    if(scene.x <=scene.collision.LeftX-width/*scene.sizeX*(a-1)*/)
                    {
                        mapX--;
                        SceneMove = false;
                        
                        if(GameMapX[mapY][mapX] > width ||GameMapY[mapY][mapX] > height)
                        {
                        Stationary = true;
                        }
                    }
                }
    }   },
}};
var limit = {
    x: function() //adds up all the  x collision values starting from zero to current x Right collision
{
    var temp = 0;
    for(var i = 0; i < GameMapX[mapY].length; i++)
    {
        temp += GameMapX[mapY][i];
        //println(temp);
    }
    return temp;
},
y: function() //adds up all the  x collision values starting from zero to current x Right collision
{
    var temp = 0;
    for(var i = 0; i < GameMapY.length; i++)
    {
        temp += GameMapY[i][mapX];
        //println(temp);
    }
    return temp;
},
};
//the circle that fill in as our test character
obj.ellipse = function(){
 MC.front.animation(obj.mapX-scene.x,obj.mapY-scene.y,3);
    
};
//Logic for the key presses that in turn becomes the movement
var firstClick = []; //array used for when the key is only pressed once
keyPressed = function() {
    
    if (keys[keyCode]) {
        firstClick[keyCode] = false; //makes it false so that it is only one
    } else {
        firstClick[keyCode] = true; // first time you click
    }
    
    keys[keyCode] = true; //adds into the keys array as true
}; 
keyReleased = function() {
    keys[keyCode] = false; //gets rid of value from keys array by setting it as false
    firstClick[keyCode] = false; //makes it false so that it is only one
};
var wasd = function() //variable just to organize it and make it easier to access
{ if (!SceneMove)
{
    frameRate(60);
        if(keys[68] && obj.mapX < limit.x()) //movement and borders
    {//println("it d");
        obj.mapX+= 3;
    }
    if(keys[65] && obj.mapX > 0)
    {//println("it a");
        obj.mapX-= 3;
    }
    if(keys[87] && obj.mapY > 0)
    {//println("it w");
        obj.mapY-= 3;
    }
    if(keys[83] && obj.mapY < limit.y())
    {//println("it s");
        obj.mapY+= 3;
    }
}
};
var collisions = function() //collisions and checks for any differences in the mapX and mapY values
{
    scene.sizeX  = GameMapX[mapY][mapX];
    scene.sizeY  = GameMapY[mapY][mapX];
    scene.collision.RightX = (Actual.x()-scene.collision.width) || 0;
scene.collision.TopY = (Actual.y()-scene.sizeY-scene.collision.width) || 0;
scene.collision.LeftX = (Actual.x()-scene.sizeX-scene.collision.width) || 0;
scene.collision.BottomY = (Actual.y()-scene.collision.width) || 0;
};
draw = function() {

    background(255,255,255);
    wasd();
    fill(255, 0, 0);
   
    rect(-scene.x,0-scene.y,GameMapX[0][0],GameMapY[0][0]);
    rect(limit.x()-GameMapX[0][2]-scene.x-10,0-scene.y,GameMapX[0][2],GameMapY[0][2]);
    rect(GameMapX[1][0]-scene.x-10,GameMapY[0][0]-scene.y,GameMapX[1][1],GameMapY[1][1]);
    
    fill(0,255,0);
     rect(GameMapX[0][0]-scene.x-10,0-scene.y,GameMapX[0][1],GameMapY[0][1]);
     rect(-scene.x-10,GameMapY[0][0]-scene.y,GameMapX[1][0],GameMapY[1][0]);
     rect(limit.x()-GameMapX[1][2]-scene.x-10,GameMapY[0][2]-scene.y,GameMapX[1][2],GameMapY[1][2]);

    collisions(); //collisions of the rooms
    scene.collision.active(mapX,mapY); //the use of those collisions
    fill(8, 8, 8);
    obj.ellipse(); //ellipse character and random rect     placed throughout several locations to prove that     camera is functioning
    //several rectangles scattered across to prove that the system is working 
    rect(100-scene.x,800-scene.y,100,100);
    rect(100-scene.x,100-scene.y,100,100);
    rect(1800-scene.x,0-scene.y,100,100);
    rect(800-scene.x,0-scene.y,100,100);
};
