var colors = {
    colorData: [
    /*      ORDER OF COLORS:  0 = null,*/
    color(0,0,0), // 1 = black
    color(81, 255, 38),// , 2 = green, 
    color(79, 153, 19),//3 = darkGreen,
    color(159, 240, 139),//4 = lightGreen
    color(36, 179, 0),//, 5 = darkishGreen
    color(255, 242, 0),//, 6 = yellow,
    color(207, 107, 0),//7 = light brown, 
    color(143, 79, 0),//8 = darkBrown, 
    color(247, 222, 175),//9 = lightPeach,
    color(224, 184, 110),//   10 = darkPeach/Super-lightBrown, 
    color(245, 250, 103),//11 = lightYellow,
    color(209, 0, 0),//12 = darkishRed, 
    color(255,255,255),// 13 = white, 
    color(0, 145, 255),//14 = lightBlue,
    color(135, 0, 0),//15 = darkRed, 
    color(7, 105, 0)]//16 = DarkerGreen
    };
var sprites = [
{imageData: [
/*LinkHeadStart - front*/
[0,0,0,0,0,0,0,0,0,1,3,3,3,3,1,0,0,0,0,0,0,0,0,0],
[0,0,0,0,0,0,0,0,1,3,2,2,2,2,3,1,0,0,0,0,0,0,0,0],
[0,0,0,0,0,0,0,1,3,2,2,2,2,2,2,3,1,0,0,0,0,0,0,0],
[0,0,0,0,0,0,1,3,2,2,2,2,2,2,2,2,3,1,0,0,0,0,0,0],
[0,0,0,0,0,0,1,2,7,6,6,6,6,6,6,7,2,1,0,0,0,0,0,0],
[0,0,0,0,0,1,3,7,6,6,6,6,6,6,6,6,7,5,1,0,0,0,0,0],
[0,0,0,8,10,8,8,10,6,10,6,6,6,10,7,6,6,8,8,10,8,0,0,0],
[0,0,0,8,9,9,10,6,7,6,6,6,6,7,10,7,6,10,9,9,8,0,0,0],
[0,0,0,0,8,10,8,10,10,6,6,10,8,10,9,7,10,8,10,8,0,0,0,0],
[0,0,0,0,0,8,6,8,10,10,7,8,10,9,9,10,8,6,8,0,0,0,0,0],
[0,0,0,0,0,1,6,7,1,1,8,10,9,10,1,1,7,6,1,0,0,0,0,0],
[0,0,0,0,0,1,10,8,13,14,1,9,9,1,14,13,8,10,1,0,0,0,0,0],
[0,0,0,0,0,0,1,1,9,14,13,9,9,13,14,9,1,1,0,0,0,0,0,0],
[0,0,0,0,0,0,0,1,10,9,9,9,9,9,9,10,1,0,0,0,0,0,0,0],
[0,0,0,0,0,0,1,4,8,8,10,10,10,10,8,8,4,1,0,0,0,0,0,0],
//LinkHeadFinish - left off here in rebalance
[0,0,0,0,0,1,4,4,3,3,3,3,3,3,3,3,4,4,1,0,0,0,0,0],
[0,0,0,0,1,9,9,1,8,3,3,3,3,3,3,8,1,9,9,1,0,0,0,0],
[0,0,0,0,1,10,9,3,2,8,8,11,11,8,8,2,3,9,10,1,0,0,0,0],
[0,0,0,0,0,1,1,1,2,2,3,11,11,3,2,2,1,1,1,0,0,0,0,0],
[0,0,0,0,0,0,0,1,1,3,2,2,2,2,3,1,1,0,0,0,0,0,0,0],
[0,0,0,0,0,0,1,12,15,1,1,1,1,1,1,15,12,1,0,0,0,0,0,0],
[0,0,0,0,0,0,1,12,12,15,1,0,0,1,15,12,12,1,0,0,0,0,0,0],
[0,0,0,0,0,0,0,1,1,1,0,0,0,0,1,1,1,0,0,0,0,0,0,0],
[0,0,0,0,0,0,0,0,0,0,0,0,0,0,0,0,0,0,0,0,0,0,0,0],
], 
},{imageData: [
/*LinkHeadStart - side*/
[0,0,0,0,0,0,0,0,0,3,2,2,2,2,3,8,7,0,0,0,0,0,0,0],
[0,0,0,0,0,0,0,3,3,2,2,2,2,2,2,6,6,7,8,0,0,0,0,0],
[0,0,0,0,0,0,16,3,2,2,2,2,2,2,7,7,6,6,6,8,0,0,0,0],
[0,0,0,0,0,16,3,3,2,2,2,2,2,2,6,6,8,7,6,6,7,0,0,0],
[0,0,0,0,0,16,3,3,3,2,2,2,2,6,6,6,10,8,7,6,8,0,0,0],
[0,0,0,0,16,3,3,3,3,3,3,3,3,6,6,8,10,10,8,8,0,0,0,0],
[0,0,0,0,16,3,3,16,16,3,3,3,7,6,6,10,9,10,1,0,0,0,0,0],
[0,0,0,0,1,3,16,1,16,16,3,16,8,7,6,9,1,8,1,0,0,0,0,0],
[0,0,0,0,1,3,16,1,16,9,9,10,8,10,8,9,13,14,10,1,0,0,0,0],
[0,0,0,0,1,3,1,0,1,7,9,9,1,6,8,9,13,14,10,1,0,0,0,0],
[0,0,0,0,1,16,1,0,1,1,8,10,1,6,8,9,9,10,1,0,0,0,0,0],
[0,0,0,0,0,1,0,0,6,7,1,1,1,6,8,10,10,1,0,0,0,0,0,0],
[0,0,0,0,0,0,0,0,0,1,16,3,1,7,1,5,1,0,0,0,0,0,0,0],
[0,0,0,0,0,0,0,0,0,1,3,1,8,1,3,3,3,1,0,0,0,0,0,0],
[0,0,0,0,0,0,0,0,0,1,3,1,4,4,1,3,3,11,1,0,0,0,0,0],
//LinkHeadFinish - left off here in rebalance
[0,0,0,0,0,0,0,0,1,3,8,1,4,4,1,8,8,11,1,0,0,0,0,0],
[0,0,0,0,0,0,0,0,1,3,2,1,4,4,1,2,2,2,1,0,0,0,0,0],
[0,0,0,0,0,0,0,0,0,1,2,1,9,9,1,2,2,1,0,0,0,0,0,0],
[0,0,0,0,0,0,0,0,0,0,1,1,10,9,1,1,1,0,0,0,0,0,0,0],
[0,0,0,0,0,0,0,0,0,0,0,1,1,1,15,15,12,1,0,0,0,0,0,0],
[0,0,0,0,0,0,0,0,0,0,0,0,1,1,15,12,12,1,0,0,0,0,0,0],
[0,0,0,0,0,0,0,0,0,0,0,0,0,0,1,1,1,0,0,0,0,0,0,0],
[0,0,0,0,0,0,0,0,0,0,0,0,0,0,0,0,0,0,0,0,0,0,0,0],
[0,0,0,0,0,0,0,0,0,0,0,0,0,0,0,0,0,0,0,0,0,0,0,0],
], 
},{imageData: [
/*LinkHeadStart - Walk Frame 1*/
[0,0,0,0,0,0,0,0,0,1,3,3,3,3,1,0,0,0,0,0,0,0,0,0],
[0,0,0,0,0,0,0,0,1,3,2,2,2,2,3,1,0,0,0,0,0,0,0,0],
[0,0,0,0,0,0,0,1,2,2,2,2,2,2,2,2,1,0,0,0,0,0,0,0],
[0,0,0,0,0,0,1,3,2,2,2,2,2,2,2,2,3,1,0,0,0,0,0,0],
[0,0,0,0,0,1,3,7,10,6,6,6,6,6,6,7,2,1,0,0,0,0,0,0],
[0,0,0,0,0,1,8,10,6,6,6,6,6,6,6,6,7,5,1,0,0,0,0,0],
[0,0,0,8,10,8,7,6,6,10,6,6,6,10,7,6,6,8,8,10,8,0,0,0],
[0,0,0,8,9,7,10,6,7,6,6,6,6,7,10,7,6,10,9,9,8,0,0,0],
[0,0,0,0,8,10,8,8,10,6,6,6,10,8,10,7,10,8,10,8,0,0,0,0],
[0,0,0,0,1,8,10,7,8,10,10,7,8,10,9,10,8,6,8,0,0,0,0,0],
[0,0,0,0,1,8,6,8,1,8,7,8,10,10,1,1,7,6,1,0,0,0,0,0],
[0,0,0,0,0,1,7,8,13,14,1,10,9,1,14,13,8,10,1,0,0,0,0,0],
[0,0,0,0,0,0,1,1,9,14,13,9,9,13,14,9,1,1,0,0,0,0,0,0],
[0,0,0,0,0,0,0,1,10,9,9,9,9,9,9,10,1,0,0,0,0,0,0,0],
[0,0,0,0,0,0,1,4,8,8,10,10,10,10,8,8,4,1,0,0,0,0,0,0],
//LinkHeadFinish
[0,0,0,0,1,1,4,4,3,3,3,3,3,3,3,3,4,4,1,1,0,0,0,0],
[0,0,0,1,9,9,4,1,8,3,3,3,3,3,3,8,1,4,9,9,1,0,0,0],
[0,0,0,1,10,10,1,3,2,8,8,11,11,8,8,2,3,1,10,10,1,0,0,0],
[0,0,0,0,1,1,0,1,2,2,3,11,11,3,2,2,1,0,1,1,0,0,0,0],
[0,0,0,0,0,0,1,1,1,3,2,2,2,2,3,1,1,0,0,0,0,0,0,0],
[0,0,0,0,0,0,1,15,12,15,15,1,1,1,15,1,0,0,0,0,0,0,0,0],
[0,0,0,0,0,0,0,1,12,12,1,0,0,0,1,0,0,0,0,0,0,0,0,0],
[0,0,0,0,0,0,0,0,1,1,0,0,0,0,0,0,0,0,0,0,0,0,0,0],
[0,0,0,0,0,0,0,0,0,0,0,0,0,0,0,0,0,0,0,0,0,0,0,0],
], 
},{imageData: [
/*LinkHeadStart - Walk Frame 2*/
[0,0,0,0,0,0,0,0,0,0,1,3,3,1,0,0,0,0,0,0,0,0,0,0],
[0,0,0,0,0,0,0,0,1,1,3,3,3,3,1,1,0,0,0,0,0,0,0,0],
[0,0,0,0,0,0,0,1,3,3,2,2,2,2,3,3,1,0,0,0,0,0,0,0],
[0,0,0,0,0,0,0,1,2,2,2,2,2,2,2,2,1,0,0,0,0,0,0,0],
[0,0,0,0,0,0,1,3,2,2,2,2,2,2,2,2,3,1,0,0,0,0,0,0],
[0,0,0,0,0,0,1,2,7,6,6,6,6,6,6,7,2,1,0,0,0,0,0,0],
[0,0,0,0,0,1,3,7,6,6,6,6,6,6,6,6,7,5,1,0,0,0,0,0],
[0,0,0,8,10,8,8,10,6,6,6,6,6,6,7,6,6,8,8,10,8,0,0,0],
[0,0,0,8,9,9,10,6,6,10,6,6,6,7,10,7,6,10,9,9,8,0,0,0],
[0,0,0,0,8,8,10,6,10,10,6,6,6,7,10,9,10,8,10,8,0,0,0,0],
[0,0,0,0,1,10,8,7,10,7,10,6,6,8,9,10,8,6,8,0,0,0,0,0],
[0,0,0,0,1,7,6,7,1,1,10,7,8,10,1,1,7,6,1,0,0,0,0,0],
[0,0,0,0,0,1,10,8,13,14,1,8,9,1,14,13,8,10,1,0,0,0,0,0],
[0,0,0,0,0,0,1,7,9,14,13,9,9,13,14,9,1,1,0,0,0,0,0,0],
[0,0,0,0,0,0,0,1,10,9,9,9,9,9,9,10,1,8,1,0,0,0,0,0],
[0,0,0,0,0,0,0,1,8,8,10,10,10,10,8,8,4,4,7,1,0,0,0,0],
//LinkHeadFinish
[0,0,0,0,0,0,0,1,2,3,3,3,3,3,2,1,1,10,10,1,0,0,0,0],
[0,0,0,0,0,0,1,4,4,8,8,11,11,8,8,3,1,1,1,0,0,0,0,0],
[0,0,0,0,0,1,9,9,4,1,3,11,11,3,2,2,3,1,0,0,0,0,0,0],
[0,0,0,0,0,1,9,10,1,3,3,2,2,2,2,2,1,1,0,0,0,0,0,0],
[0,0,0,0,0,1,1,1,1,3,2,2,2,2,3,1,15,1,0,0,0,0,0,0],
[0,0,0,0,0,0,0,0,1,1,1,1,1,1,1,1,1,0,0,0,0,0,0,0],
[0,0,0,0,0,0,0,0,0,0,0,0,0,0,0,0,0,0,0,0,0,0,0,0],
[0,0,0,0,0,0,0,0,0,0,0,0,0,0,0,0,0,0,0,0,0,0,0,0],
], 
},
{imageData: [
/*LinkHeadStart - Walk frame 3*/
[0,0,0,0,0,0,0,0,0,1,3,3,3,3,1,0,0,0,0,0,0,0,0,0],
[0,0,0,0,0,0,0,0,1,3,2,2,2,2,3,1,0,0,0,0,0,0,0,0],
[0,0,0,0,0,0,0,1,3,2,2,2,2,2,2,3,1,0,0,0,0,0,0,0],
[0,0,0,0,0,0,1,3,2,2,2,2,2,2,2,2,3,1,0,0,0,0,0,0],
[0,0,0,0,0,0,1,2,7,6,6,6,6,6,6,7,2,1,0,0,0,0,0,0],
[0,0,0,0,0,1,3,7,6,6,6,6,6,6,6,6,7,5,1,0,0,0,0,0],
[0,0,0,8,10,8,8,10,6,6,10,6,6,6,7,6,6,8,8,10,8,0,0,0],
[0,0,0,8,9,9,10,6,6,10,6,6,6,7,10,7,6,10,9,9,8,0,0,0],
[0,0,0,0,8,9,8,10,7,10,6,6,6,7,10,9,7,8,10,8,0,0,0,0],
[0,0,0,0,0,1,6,8,8,10,6,6,10,7,9,10,8,6,8,0,0,0,0,0],
[0,0,0,0,0,1,6,7,1,1,8,10,8,10,1,1,7,6,1,0,0,0,0,0],
[0,0,0,0,0,1,10,8,13,14,8,8,9,1,14,13,8,10,1,0,0,0,0,0],
[0,0,0,0,0,0,1,8,9,14,13,9,9,13,14,9,1,1,0,0,0,0,0,0],
[0,0,0,0,0,0,0,1,10,9,9,9,9,9,9,10,4,10,1,0,0,0,0,0],
[0,0,0,0,0,0,0,1,8,8,10,10,10,10,8,8,4,8,1,0,0,0,0,0],
//LinkHeadFinish
[0,0,0,0,0,0,0,1,4,4,1,3,3,3,3,8,3,1,0,0,0,0,0,0],
[0,0,0,0,0,0,1,8,4,4,1,8,11,11,8,3,1,0,0,0,0,0,0,0],
[0,0,0,0,0,0,1,10,9,10,3,2,11,11,2,2,3,1,0,0,0,0,0,0],
[0,0,0,0,0,0,1,9,9,1,3,2,2,2,2,3,1,0,0,0,0,0,0,0],
[0,0,0,0,0,0,0,1,1,1,1,1,1,1,1,1,1,0,0,0,0,0,0,0],
[0,0,0,0,0,0,0,0,0,0,0,0,0,1,8,15,1,0,0,0,0,0,0,0],
[0,0,0,0,0,0,0,0,0,0,0,0,0,1,15,12,15,1,0,0,0,0,0,0],
[0,0,0,0,0,0,0,0,0,0,0,0,0,1,12,12,12,1,0,0,0,0,0,0],
[0,0,0,0,0,0,0,0,0,0,0,0,0,0,1,1,1,0,0,0,0,0,0,0],
], 
},{imageData: [
/*LinkHeadStart - Walk Frame 4*/
[0,0,0,0,0,0,0,0,0,0,1,3,3,1,0,0,0,0,0,0,0,0,0,0],
[0,0,0,0,0,0,0,0,1,3,2,2,2,2,3,1,0,0,0,0,0,0,0,0],
[0,0,0,0,0,0,0,1,2,2,2,2,2,2,2,2,1,0,0,0,0,0,0,0],
[0,0,0,0,0,0,1,3,2,2,2,2,2,2,2,2,3,1,0,0,0,0,0,0],
[0,0,0,0,0,0,1,2,7,6,6,6,6,6,6,7,2,1,0,0,0,0,0,0],
[0,0,0,0,0,1,3,7,6,6,6,6,6,6,6,6,7,5,1,0,0,0,0,0],
[0,0,0,8,10,8,8,6,6,10,6,6,6,6,7,6,6,8,8,10,8,0,0,0],
[0,0,0,8,9,9,10,6,10,6,6,6,6,7,10,7,6,10,9,9,8,0,0,0],
[0,0,0,0,8,9,10,6,7,6,6,6,7,10,9,9,7,8,10,8,0,0,0,0],
[0,0,0,0,0,1,8,10,8,10,10,10,7,9,9,10,8,6,8,0,0,0,0,0],
[0,0,0,0,0,1,6,7,1,7,10,8,10,10,1,1,7,6,1,0,0,0,0,0],
[0,0,0,0,0,1,10,8,13,14,8,10,9,1,14,13,8,10,1,0,0,0,0,0],
[0,0,0,0,0,0,1,8,9,14,13,9,9,13,14,9,1,1,0,0,0,0,0,0],
[0,0,0,0,0,0,0,1,10,9,9,9,9,9,9,10,4,1,0,0,0,0,0,0],
[0,0,0,0,0,0,0,1,8,8,10,10,10,10,8,8,4,10,1,0,0,0,0,0],
//LinkHeadFinish
[0,0,0,0,0,0,0,1,4,4,1,3,3,3,3,1,1,1,0,0,0,0,0,0],
[0,0,0,0,0,0,1,8,4,8,3,3,3,3,3,8,1,0,0,0,0,0,0,0],
[0,0,0,0,0,0,1,10,9,1,8,11,11,8,8,2,3,1,0,0,0,0,0,0],
[0,0,0,0,0,0,1,9,9,1,3,11,11,3,2,2,3,1,0,0,0,0,0,0],
[0,0,0,0,0,0,0,1,1,3,3,2,2,2,2,3,1,0,0,0,0,0,0,0],
[0,0,0,0,0,0,0,0,0,1,1,1,1,1,8,15,1,0,0,0,0,0,0,0],
[0,0,0,0,0,0,0,0,0,0,0,0,0,1,15,12,15,1,0,0,0,0,0,0],
[0,0,0,0,0,0,0,0,0,0,0,0,0,1,12,12,12,1,0,0,0,0,0,0],
[0,0,0,0,0,0,0,0,0,0,0,0,0,0,1,1,1,0,0,0,0,0,0,0],
], 
}, {imageData: [
/*LinkHeadStart - Walk Frame 5*/
[0,0,0,0,0,0,0,0,0,0,1,3,3,1,0,0,0,0,0,0,0,0,0,0],
[0,0,0,0,0,0,0,0,1,3,2,2,2,2,3,1,0,0,0,0,0,0,0,0],
[0,0,0,0,0,0,0,1,2,2,2,2,2,2,2,2,1,0,0,0,0,0,0,0],
[0,0,0,0,0,0,1,3,2,2,2,2,2,2,2,2,3,1,0,0,0,0,0,0],
[0,0,0,0,0,0,1,2,7,6,6,6,6,6,6,7,2,1,0,0,0,0,0,0],
[0,0,0,0,0,1,3,7,6,6,6,6,6,6,6,6,7,5,1,0,0,0,0,0],
[0,0,0,8,10,8,8,6,6,10,6,6,6,6,7,6,6,8,8,10,8,0,0,0],
[0,0,0,8,9,9,10,6,10,6,6,6,6,7,10,7,6,10,9,9,8,0,0,0],
[0,0,0,0,8,9,10,6,7,6,6,6,7,10,9,9,7,8,10,8,0,0,0,0],
[0,0,0,0,0,1,8,10,8,10,10,10,7,9,9,10,8,6,8,0,0,0,0,0],
[0,0,0,0,0,1,6,7,1,7,10,8,10,10,1,1,7,6,1,0,0,0,0,0],
[0,0,0,0,0,1,10,8,13,14,8,10,9,1,14,13,8,10,1,0,0,0,0,0],
[0,0,0,0,0,0,1,8,9,14,13,9,9,13,14,9,1,1,0,0,0,0,0,0],
[0,0,0,0,0,0,0,1,10,9,9,9,9,9,9,10,1,8,1,0,0,0,0,0],
[0,0,0,0,0,0,0,1,8,8,10,10,10,10,8,8,4,10,9,1,0,0,0,0],
//LinkHeadFinish
[0,0,0,0,0,0,1,8,4,8,1,3,3,3,3,3,1,9,9,1,0,0,0,0],
[0,0,0,0,0,0,1,4,4,1,3,3,3,3,3,8,1,1,1,0,0,0,0,0],
[0,0,0,0,0,0,1,9,9,1,8,8,11,11,8,8,3,1,0,0,0,0,0,0],
[0,0,0,0,0,0,1,10,9,1,3,3,11,11,3,2,2,1,0,0,0,0,0,0],
[0,0,0,0,0,0,1,1,1,1,3,2,2,2,2,3,1,0,0,0,0,0,0,0],
[0,0,0,0,0,0,0,0,0,0,1,1,1,1,1,8,15,1,0,0,0,0,0,0],
[0,0,0,0,0,0,0,0,0,0,0,0,0,1,15,12,15,1,0,0,0,0,0,0],
[0,0,0,0,0,0,0,0,0,0,0,0,0,1,12,12,12,1,0,0,0,0,0,0],
[0,0,0,0,0,0,0,0,0,0,0,0,0,0,1,1,1,0,0,0,0,0,0,0],
], 
},];
 var drawSprite = function(sprite,x,y,w,h,flip,bw){
    noStroke();
    var currentSprite = sprites[sprite];
    var yarray = 0;
    var xarray = 0;
    var pyarray = 0;
    var count = 1;
    var last = currentSprite.imageData[yarray][xarray];
    var stop = true;
    pushMatrix();
    translate(x,y);
    for(yarray = 0; yarray < currentSprite.imageData.length; yarray++){
        for(xarray = 0; xarray < currentSprite.imageData[yarray].length; xarray++){
            if(!stop){
                if(last === currentSprite.imageData[yarray][xarray] && pyarray === yarray){
                    last = currentSprite.imageData[yarray][xarray];
                    count+=1;
                }else{
                    stop = true;
                }
            }
            if(stop){
            if(currentSprite.imageData[yarray][xarray] === 0){
                noFill();
                fill(0, 0, 0);
            }else{
                var a;
                if(!bw){
                a = colors.colorData[currentSprite.imageData[yarray][xarray]-1];
                }else{
                a = color(0, 0, 0);
                }
                fill(a);
                pushMatrix();
                if(!flip){
                    rect(w * xarray/currentSprite.imageData[yarray].length ,h *yarray/currentSprite.imageData.length, w * 1/currentSprite.imageData[yarray].length,h * 1/currentSprite.imageData.length);
                }else{
                    rect(-w * xarray/currentSprite.imageData[yarray].length+w,h *yarray/currentSprite.imageData.length,-w * 1/currentSprite.imageData[yarray].length,h * 1/currentSprite.imageData.length);
                }
                popMatrix();
            }
            count = 0;
            stop = true;
            last = currentSprite.imageData[yarray][xarray];
            }
        }
        pyarray = yarray+1;
    }
    popMatrix();
};
var spriteX = 26;
var spriteY = 24;
var spriteSize = 24;
var scaled_size = 14;//slider for scale
var offsetY = 1; //for sprites who's values go off the sprite size regulated on the y-axis
var offsetX;
//for sprites who's values go off the sprite size regulated on the x-axis
var walkAnimation = 1;
var flip = false;
var Link = {
    front: {
        still: function(a,b,c)
        {
            drawSprite(0, a || spriteX, b || spriteY, (spriteSize)*(c || scaled_size),  (spriteSize)*(c || scaled_size),false);
        },
        walk: function(a,b,c,d,e)
        {
            if(a<7 && a > 1)
            {
            drawSprite(a, b || spriteX, c || spriteY, (spriteSize)*(d || scaled_size),  (spriteSize)*(d || scaled_size),e);
            }
            
        },
        animation: function(a,b,c)//uses sprite's walking frames and portays an illusion of it walking
        {
            if(walkAnimation === 6 && !flip)
                {
                    flip = true;
                    walkAnimation = 2;
                    
                }
                
            background(255,255,255);
             fill(0,0,0);
                rect(a,b,(spriteSize)*(c || scaled_size),(spriteSize)*(c || scaled_size));
            drawSprite(walkAnimation, a || spriteX, b || spriteY, (spriteSize)*(c || scaled_size),  (spriteSize)*(c || scaled_size),flip);
                
                if(walkAnimation === 6 && flip)
                {
                    flip = false;
                    walkAnimation = 2;
                }
                walkAnimation++;
                //println(walkAnimation);
            }
        },
        side: {
            still: function(a,b,c)
            {
                                fill(0,0,0);
                rect(a,b,(spriteSize)*(c || scaled_size),(spriteSize)*(c || scaled_size));
                drawSprite(1, a || spriteX, b || spriteY, (spriteSize)*(c || scaled_size),(spriteSize)*(c || scaled_size),false);

            },
        }
        
};
frameRate(1);

//drawSprite(5,70,10,spriteX*scaled_size,(spriteY)*scaled_size,false);
//Link.front.still();
//Link.front.walk(5);
draw = function() 
{
    Link.front.animation(357,10,3);
    for(var i = 0; i < 4;i++)
    {
    Link.front.walk(2+i,69*i+80,9,3);
    }
    rect(10,10,sprites[1].imageData.length*3,sprites[1].imageData.length*3);
    Link.front.still(10,10,3);
    Link.side.still(10,90,3);
    
    };
//println(sprites[1].imageData.length);
